#t all sampled fraction of dominance, coordination, coexistence sur_sampled fraction of dominance coordination coexistence
0 nan nan nan nan nan nan 
1 0.333333 0.0625 0.604167 0.333333 0.0625 0.604167 
2 0.273092 0.0240964 0.702811 0.273092 0.0240964 0.702811 
3 0.244224 0.019802 0.735974 0.244224 0.019802 0.735974 
4 0.323308 0.0075188 0.669173 0.323308 0.0075188 0.669173 
5 0.270115 0.0137931 0.716092 0.271991 0.0138889 0.71412 
6 0.29321 0.0154321 0.691358 0.29321 0.0154321 0.691358 
7 0.289266 0.0086629 0.702072 0.289266 0.0086629 0.702072 
8 0.289123 0.0147368 0.69614 0.285362 0.0148148 0.699824 
9 0.253509 0.0307018 0.715789 0.253509 0.0307018 0.715789 
10 0.261084 0.020197 0.718719 0.261084 0.020197 0.718719 
11 0.277469 0.033642 0.688889 0.277469 0.033642 0.688889 
12 0.267101 0.0226087 0.71029 0.267101 0.0226087 0.71029 
13 0.254116 0.0168691 0.729015 0.254116 0.0168691 0.729015 
14 0.282552 0.0234375 0.69401 0.282552 0.0234375 0.69401 
15 0.272932 0.0206767 0.706391 0.272932 0.0206767 0.706391 
16 0.282636 0.0205323 0.696831 0.282636 0.0205323 0.696831 
17 0.278832 0.0173966 0.703771 0.278832 0.0173966 0.703771 
18 0.277896 0.0159574 0.706147 0.277896 0.0159574 0.706147 
19 0.264505 0.0153584 0.720137 0.264505 0.0153584 0.720137 
20 0.284868 0.0105263 0.704605 0.284868 0.0105263 0.704605 
21 0.270153 0.0190632 0.710784 0.270153 0.0190632 0.710784 
22 0.291052 0.0110022 0.697946 0.291052 0.0110022 0.697946 
23 0.274286 0.0141799 0.711534 0.274286 0.0141799 0.711534 
24 0.278705 0.00625 0.715045 0.278705 0.00625 0.715045 
25 0.28483 0.00340557 0.711765 0.28483 0.00340557 0.711765 
26 0.271618 0.0122992 0.716082 0.271618 0.0122992 0.716082 
27 0.282544 0.0106509 0.706805 0.283383 0.0106825 0.705935 
28 0.274441 0.0184645 0.707094 0.275244 0.0185185 0.706238 
29 0.277307 0.013936 0.708757 0.278093 0.0139754 0.707932 
30 0.272693 0.0177966 0.70951 0.273466 0.017847 0.708687 
31 0.284074 0.0125926 0.703333 0.284865 0.0126277 0.702507 
32 0.305285 0.0141026 0.680612 0.306126 0.0141414 0.679732 
33 0.290278 0.0130556 0.696667 0.291086 0.0130919 0.695822 
34 0.288029 0.0108656 0.701105 0.288827 0.0108957 0.700277 
35 0.281667 0.0143519 0.703981 0.282451 0.0143918 0.703157 
36 0.279155 0.00927456 0.71157 0.279926 0.00930018 0.710773 
37 0.284897 0.0126899 0.702413 0.285663 0.012724 0.701613 
38 0.283062 0.00951087 0.707428 0.283833 0.00953678 0.70663 
39 0.288799 0.0123016 0.698899 0.289578 0.0123347 0.698088 
40 0.274633 0.0112345 0.714133 0.275371 0.0112647 0.713364 
41 0.280577 0.0181102 0.701312 0.281316 0.0181579 0.700526 
42 0.288201 0.0204599 0.691339 0.28896 0.0205138 0.690526 
43 0.297039 0.0264685 0.676493 0.297795 0.0265358 0.675669 
44 0.30358 0.0209885 0.675431 0.304351 0.0210418 0.674607 
45 0.306808 0.0111923 0.682 0.307595 0.011221 0.681184 
46 0.291404 0.00894994 0.699646 0.292153 0.00897295 0.698874 
47 0.288656 0.0134539 0.69789 0.289388 0.013488 0.697124 
48 0.280869 0.0156975 0.703434 0.281576 0.0157371 0.702687 
49 0.281602 0.0140139 0.704384 0.282303 0.0140488 0.703648 
50 0.287042 0.0182559 0.694703 0.287042 0.0182559 0.694703 
51 0.275369 0.0252756 0.699355 0.275369 0.0252756 0.699355 
52 0.274597 0.0305526 0.69485 0.274597 0.0305526 0.69485 
53 0.272578 0.0328795 0.694543 0.272578 0.0328795 0.694543 
54 0.27959 0.0158691 0.704541 0.27959 0.0158691 0.704541 
55 0.286746 0.0246146 0.68864 0.286746 0.0246146 0.68864 
56 0.281985 0.0307516 0.687263 0.281985 0.0307516 0.687263 
57 0.287097 0.0221228 0.69078 0.287097 0.0221228 0.69078 
58 0.285323 0.0309179 0.683759 0.285323 0.0309179 0.683759 
59 0.274109 0.0294765 0.696414 0.274109 0.0294765 0.696414 
60 0.278692 0.0282379 0.69307 0.278692 0.0282379 0.69307 
61 0.281422 0.0316735 0.686905 0.281422 0.0316735 0.686905 
62 0.275985 0.033208 0.690807 0.275985 0.033208 0.690807 
63 0.271394 0.0324084 0.696197 0.271394 0.0324084 0.696197 
64 0.284782 0.0357753 0.679443 0.284782 0.0357753 0.679443 
65 0.290178 0.032118 0.677704 0.290178 0.032118 0.677704 
66 0.280785 0.0275923 0.691622 0.280785 0.0275923 0.691622 
67 0.276682 0.0297978 0.69352 0.276682 0.0297978 0.69352 
68 0.276758 0.0190991 0.704143 0.276758 0.0190991 0.704143 
69 0.275958 0.0194554 0.704586 0.275958 0.0194554 0.704586 
70 0.266362 0.0311807 0.702457 0.266362 0.0311807 0.702457 
71 0.27941 0.0203389 0.700251 0.27941 0.0203389 0.700251 
72 0.278528 0.0300797 0.691392 0.278528 0.0300797 0.691392 
73 0.276489 0.0299221 0.693589 0.276489 0.0299221 0.693589 
74 0.275965 0.0242707 0.699764 0.275965 0.0242707 0.699764 
75 0.277177 0.0228925 0.69993 0.277177 0.0228925 0.69993 
76 0.282294 0.0269015 0.690805 0.282294 0.0269015 0.690805 
77 0.291677 0.0282967 0.680026 0.291677 0.0282967 0.680026 
78 0.294414 0.0337275 0.671858 0.294414 0.0337275 0.671858 
79 0.285597 0.0342996 0.680104 0.285597 0.0342996 0.680104 
80 0.290986 0.038864 0.67015 0.290986 0.038864 0.67015 
81 0.290939 0.0331898 0.675872 0.290939 0.0331898 0.675872 
82 0.293921 0.0335979 0.672481 0.293921 0.0335979 0.672481 
83 0.293697 0.0330711 0.673232 0.293697 0.0330711 0.673232 
84 0.279319 0.0340632 0.686618 0.279319 0.0340632 0.686618 
85 0.280094 0.0346713 0.685235 0.280094 0.0346713 0.685235 
86 0.283227 0.0220172 0.694756 0.283227 0.0220172 0.694756 
87 0.265783 0.0340209 0.700196 0.265783 0.0340209 0.700196 
88 0.274187 0.0282407 0.697573 0.274187 0.0282407 0.697573 
89 0.281692 0.0353061 0.683002 0.281692 0.0353061 0.683002 
90 0.282715 0.030981 0.686304 0.282715 0.030981 0.686304 
91 0.286223 0.0302881 0.683489 0.286223 0.0302881 0.683489 
92 0.288272 0.0347187 0.677009 0.288272 0.0347187 0.677009 
93 0.291611 0.035633 0.672756 0.291611 0.035633 0.672756 
94 0.292864 0.0329269 0.674209 0.292864 0.0329269 0.674209 
95 0.296242 0.0311232 0.672635 0.296242 0.0311232 0.672635 
96 0.292336 0.0271631 0.680501 0.292336 0.0271631 0.680501 
97 0.296979 0.0276614 0.67536 0.296979 0.0276614 0.67536 
98 0.295904 0.0331725 0.670923 0.295904 0.0331725 0.670923 
99 0.309373 0.0356153 0.655012 0.309373 0.0356153 0.655012 
100 0.301048 0.0380394 0.660912 0.301048 0.0380394 0.660912 
101 0.299664 0.039646 0.66069 0.299664 0.039646 0.66069 
102 0.308692 0.0397705 0.651537 0.308692 0.0397705 0.651537 
103 0.3093 0.0407298 0.649971 0.3093 0.0407298 0.649971 
104 0.298065 0.0455203 0.656414 0.298065 0.0455203 0.656414 
105 0.303814 0.0422628 0.653924 0.303814 0.0422628 0.653924 
106 0.31245 0.0344012 0.653149 0.31245 0.0344012 0.653149 
107 0.31161 0.0368643 0.651525 0.31161 0.0368643 0.651525 
108 0.311674 0.0413225 0.647004 0.311674 0.0413225 0.647004 
109 0.304085 0.0393331 0.656582 0.304085 0.0393331 0.656582 
110 0.305236 0.0402253 0.654538 0.305236 0.0402253 0.654538 
111 0.311855 0.0407584 0.647386 0.311855 0.0407584 0.647386 
112 0.307984 0.0364739 0.655542 0.307984 0.0364739 0.655542 
113 0.313573 0.0394947 0.646932 0.313573 0.0394947 0.646932 
114 0.317428 0.0388392 0.643733 0.317428 0.0388392 0.643733 
115 0.319748 0.0351892 0.645063 0.319748 0.0351892 0.645063 
116 0.307703 0.039048 0.653249 0.307703 0.039048 0.653249 
117 0.309181 0.0349316 0.655888 0.309181 0.0349316 0.655888 
118 0.308844 0.0409548 0.650201 0.308844 0.0409548 0.650201 
119 0.307621 0.0338106 0.658569 0.307621 0.0338106 0.658569 
120 0.313339 0.0353452 0.651315 0.313339 0.0353452 0.651315 
121 0.327308 0.0385735 0.634119 0.327308 0.0385735 0.634119 
122 0.325775 0.0370163 0.637209 0.325775 0.0370163 0.637209 
123 0.325197 0.0326132 0.64219 0.325197 0.0326132 0.64219 
124 0.320998 0.0281494 0.650852 0.320998 0.0281494 0.650852 
125 0.319455 0.0332963 0.647248 0.319455 0.0332963 0.647248 
126 0.323179 0.0348971 0.641924 0.323179 0.0348971 0.641924 
127 0.321876 0.0358707 0.642253 0.321876 0.0358707 0.642253 
128 0.318788 0.0391909 0.642022 0.318788 0.0391909 0.642022 
129 0.318101 0.0367386 0.64516 0.318101 0.0367386 0.64516 
130 0.33687 0.0348511 0.628279 0.33687 0.0348511 0.628279 
131 0.334575 0.0344431 0.630982 0.334575 0.0344431 0.630982 
132 0.323957 0.0354581 0.640585 0.323957 0.0354581 0.640585 
133 0.316457 0.0347914 0.648752 0.316457 0.0347914 0.648752 
134 0.325279 0.0402133 0.634508 0.325279 0.0402133 0.634508 
135 0.316155 0.040005 0.64384 0.316155 0.040005 0.64384 
136 0.325022 0.0378386 0.637139 0.325022 0.0378386 0.637139 
137 0.335588 0.0321534 0.632259 0.335588 0.0321534 0.632259 
138 0.335188 0.028243 0.636569 0.335188 0.028243 0.636569 
139 0.330492 0.0312081 0.6383 0.330492 0.0312081 0.6383 
140 0.328526 0.0394267 0.632047 0.328526 0.0394267 0.632047 
141 0.328304 0.0415305 0.630165 0.328304 0.0415305 0.630165 
142 0.330738 0.0397347 0.629528 0.330738 0.0397347 0.629528 
143 0.322193 0.04365 0.634157 0.322193 0.04365 0.634157 
144 0.315143 0.0460715 0.638786 0.315143 0.0460715 0.638786 
145 0.322236 0.0482302 0.629534 0.322236 0.0482302 0.629534 
146 0.325074 0.0415478 0.633378 0.325074 0.0415478 0.633378 
147 0.321084 0.0421247 0.636791 0.321084 0.0421247 0.636791 
148 0.318896 0.0401379 0.640966 0.318896 0.0401379 0.640966 
149 0.323568 0.0409796 0.635453 0.323568 0.0409796 0.635453 
150 0.318554 0.0396115 0.641834 0.318554 0.0396115 0.641834 
151 0.328249 0.0375538 0.634197 0.328249 0.0375538 0.634197 
152 0.32864 0.0361349 0.635225 0.32864 0.0361349 0.635225 
153 0.329053 0.0388638 0.632084 0.329053 0.0388638 0.632084 
154 0.326417 0.0377987 0.635784 0.326417 0.0377987 0.635784 
155 0.314856 0.0370352 0.648108 0.314856 0.0370352 0.648108 
156 0.317951 0.0411999 0.640849 0.317951 0.0411999 0.640849 
157 0.323069 0.0404547 0.636477 0.323069 0.0404547 0.636477 
158 0.324163 0.0431456 0.632691 0.324163 0.0431456 0.632691 
159 0.321498 0.0420054 0.636496 0.321498 0.0420054 0.636496 
160 0.324452 0.0445746 0.630973 0.324452 0.0445746 0.630973 
161 0.328418 0.0451471 0.626435 0.328418 0.0451471 0.626435 
162 0.332752 0.042862 0.624386 0.332752 0.042862 0.624386 
163 0.338881 0.0438963 0.617223 0.338881 0.0438963 0.617223 
164 0.332597 0.0442474 0.623156 0.332597 0.0442474 0.623156 
165 0.339141 0.0412082 0.619651 0.339141 0.0412082 0.619651 
166 0.342041 0.0447815 0.613178 0.342041 0.0447815 0.613178 
167 0.332928 0.0484337 0.618639 0.332928 0.0484337 0.618639 
168 0.32726 0.0491456 0.623594 0.32726 0.0491456 0.623594 
169 0.330809 0.0467703 0.622421 0.330809 0.0467703 0.622421 
170 0.331904 0.0472949 0.620801 0.331904 0.0472949 0.620801 
171 0.327439 0.0456878 0.626873 0.327439 0.0456878 0.626873 
172 0.329502 0.0493608 0.621138 0.329502 0.0493608 0.621138 
173 0.322891 0.0457874 0.631322 0.322891 0.0457874 0.631322 
174 0.3298 0.0475116 0.622689 0.3298 0.0475116 0.622689 
175 0.328615 0.044783 0.626602 0.328615 0.044783 0.626602 
176 0.333898 0.0472858 0.618816 0.333898 0.0472858 0.618816 
177 0.340604 0.0438263 0.61557 0.340604 0.0438263 0.61557 
178 0.338463 0.0446947 0.616842 0.338463 0.0446947 0.616842 
179 0.337864 0.0451044 0.617032 0.337864 0.0451044 0.617032 
180 0.340748 0.0438453 0.615407 0.340748 0.0438453 0.615407 
181 0.331054 0.0456559 0.62329 0.331054 0.0456559 0.62329 
182 0.337109 0.0468203 0.616071 0.337109 0.0468203 0.616071 
183 0.333858 0.0524995 0.613642 0.333858 0.0524995 0.613642 
184 0.321479 0.0490345 0.629487 0.321479 0.0490345 0.629487 
185 0.323838 0.0417608 0.634401 0.323838 0.0417608 0.634401 
186 0.337673 0.0486564 0.613671 0.337673 0.0486564 0.613671 
187 0.341373 0.0489863 0.60964 0.341373 0.0489863 0.60964 
188 0.333464 0.0517473 0.614788 0.333464 0.0517473 0.614788 
189 0.339746 0.048756 0.611498 0.339746 0.048756 0.611498 
190 0.335285 0.0524467 0.612268 0.335285 0.0524467 0.612268 
191 0.336846 0.0483748 0.614779 0.336846 0.0483748 0.614779 
192 0.335837 0.0490287 0.615135 0.335837 0.0490287 0.615135 
193 0.342605 0.0504156 0.606979 0.342605 0.0504156 0.606979 
194 0.347379 0.0491992 0.603422 0.347379 0.0491992 0.603422 
195 0.33957 0.048955 0.611475 0.33957 0.048955 0.611475 
196 0.342199 0.0487589 0.609042 0.342199 0.0487589 0.609042 
197 0.341304 0.0479817 0.610714 0.341304 0.0479817 0.610714 
198 0.339271 0.0494715 0.611257 0.339271 0.0494715 0.611257 
199 0.342056 0.0492409 0.608703 0.342056 0.0492409 0.608703 
200 0.338158 0.0510879 0.610755 0.338158 0.0510879 0.610755 
201 0.346324 0.0500985 0.603577 0.346324 0.0500985 0.603577 
202 0.346008 0.0471231 0.606868 0.346008 0.0471231 0.606868 
203 0.347269 0.0428467 0.609884 0.347269 0.0428467 0.609884 
204 0.350374 0.0445331 0.605093 0.350374 0.0445331 0.605093 
205 0.354951 0.0469681 0.59808 0.354951 0.0469681 0.59808 
206 0.354789 0.0487715 0.596439 0.354789 0.0487715 0.596439 
207 0.35726 0.0497547 0.592986 0.35726 0.0497547 0.592986 
208 0.355824 0.0513278 0.592848 0.355824 0.0513278 0.592848 
209 0.353386 0.0514314 0.595182 0.353386 0.0514314 0.595182 
210 0.351415 0.0531294 0.595456 0.351415 0.0531294 0.595456 
211 0.357054 0.0548695 0.588077 0.357054 0.0548695 0.588077 
212 0.363402 0.053799 0.582799 0.363402 0.053799 0.582799 
213 0.368972 0.0537132 0.577315 0.368972 0.0537132 0.577315 
214 0.368059 0.047027 0.584914 0.368059 0.047027 0.584914 
215 0.36842 0.0473532 0.584227 0.36842 0.0473532 0.584227 
216 0.370076 0.0494414 0.580483 0.370076 0.0494414 0.580483 
217 0.36491 0.0551607 0.57993 0.36491 0.0551607 0.57993 
218 0.368836 0.0592558 0.571908 0.368836 0.0592558 0.571908 
219 0.368746 0.061067 0.570187 0.368746 0.061067 0.570187 
220 0.380034 0.0568077 0.563158 0.380034 0.0568077 0.563158 
221 0.380886 0.0516321 0.567482 0.380886 0.0516321 0.567482 
222 0.382862 0.0521961 0.564942 0.382862 0.0521961 0.564942 
223 0.378882 0.0481622 0.572956 0.378882 0.0481622 0.572956 
224 0.38155 0.0515465 0.566903 0.38155 0.0515465 0.566903 
225 0.376995 0.0548252 0.56818 0.376995 0.0548252 0.56818 
226 0.380071 0.0517769 0.568152 0.380071 0.0517769 0.568152 
227 0.378442 0.0532423 0.568316 0.378442 0.0532423 0.568316 
228 0.383719 0.0509388 0.565343 0.383719 0.0509388 0.565343 
229 0.369465 0.0550131 0.575522 0.369465 0.0550131 0.575522 
230 0.374216 0.0555702 0.570214 0.374216 0.0555702 0.570214 
231 0.373385 0.0526793 0.573936 0.373385 0.0526793 0.573936 
232 0.365641 0.0606227 0.573736 0.365641 0.0606227 0.573736 
233 0.375556 0.0547448 0.569699 0.375556 0.0547448 0.569699 
234 0.368966 0.053465 0.577569 0.368966 0.053465 0.577569 
235 0.370757 0.0576169 0.571626 0.370757 0.0576169 0.571626 
236 0.371741 0.0528023 0.575456 0.371741 0.0528023 0.575456 
237 0.378327 0.0562233 0.565449 0.378327 0.0562233 0.565449 
238 0.37673 0.0551899 0.56808 0.37673 0.0551899 0.56808 
239 0.37535 0.0513996 0.57325 0.37535 0.0513996 0.57325 
240 0.378397 0.0527346 0.568868 0.378397 0.0527346 0.568868 
241 0.371379 0.0524764 0.576144 0.371379 0.0524764 0.576144 
242 0.368823 0.0540719 0.577105 0.368823 0.0540719 0.577105 
243 0.369704 0.0540475 0.576249 0.369704 0.0540475 0.576249 
244 0.371929 0.0540164 0.574054 0.371929 0.0540164 0.574054 
245 0.371429 0.0544818 0.574089 0.371429 0.0544818 0.574089 
246 0.370156 0.0558626 0.573982 0.370156 0.0558626 0.573982 
247 0.372602 0.0545083 0.57289 0.372602 0.0545083 0.57289 
248 0.373055 0.0605204 0.566424 0.373055 0.0605204 0.566424 
249 0.367788 0.0639601 0.568252 0.367788 0.0639601 0.568252 
250 0.370078 0.0575831 0.572338 0.370078 0.0575831 0.572338 
251 0.373657 0.0594601 0.566883 0.373657 0.0594601 0.566883 
252 0.373802 0.0576973 0.568501 0.373802 0.0576973 0.568501 
253 0.370529 0.0545861 0.574885 0.370529 0.0545861 0.574885 
254 0.373972 0.0525351 0.573493 0.373972 0.0525351 0.573493 
255 0.372228 0.0640235 0.563748 0.372228 0.0640235 0.563748 
256 0.372594 0.0608233 0.566583 0.372594 0.0608233 0.566583 
257 0.370232 0.0600741 0.569694 0.370232 0.0600741 0.569694 
258 0.37029 0.0618269 0.567883 0.37029 0.0618269 0.567883 
259 0.367833 0.059238 0.572929 0.367833 0.059238 0.572929 
260 0.367468 0.0565 0.576032 0.367468 0.0565 0.576032 
261 0.372375 0.0580013 0.569623 0.372375 0.0580013 0.569623 
262 0.3675 0.0591085 0.573392 0.3675 0.0591085 0.573392 
263 0.369221 0.0583581 0.572421 0.369221 0.0583581 0.572421 
264 0.371278 0.0571003 0.571621 0.371278 0.0571003 0.571621 
265 0.367889 0.057835 0.574276 0.367889 0.057835 0.574276 
266 0.364111 0.0552787 0.58061 0.364111 0.0552787 0.58061 
267 0.358241 0.0525441 0.589215 0.358241 0.0525441 0.589215 
268 0.362026 0.0554373 0.582537 0.362026 0.0554373 0.582537 
269 0.370415 0.050936 0.578649 0.370415 0.050936 0.578649 
270 0.379104 0.0521056 0.568791 0.379104 0.0521056 0.568791 
271 0.379405 0.0535831 0.567012 0.379405 0.0535831 0.567012 
272 0.379577 0.0486919 0.571731 0.379577 0.0486919 0.571731 
273 0.377543 0.0492537 0.573203 0.377543 0.0492537 0.573203 
274 0.376335 0.0511752 0.57249 0.376335 0.0511752 0.57249 
275 0.377705 0.0505201 0.571775 0.377705 0.0505201 0.571775 
276 0.377469 0.0523631 0.570168 0.377469 0.0523631 0.570168 
277 0.375546 0.0468166 0.577637 0.375546 0.0468166 0.577637 
278 0.367159 0.0479 0.584941 0.367159 0.0479 0.584941 
279 0.380491 0.0475863 0.571922 0.380491 0.0475863 0.571922 
280 0.376166 0.0459632 0.57787 0.376166 0.0459632 0.57787 
281 0.383213 0.0455942 0.571193 0.383213 0.0455942 0.571193 
282 0.377459 0.0498449 0.572696 0.377459 0.0498449 0.572696 
283 0.37626 0.0498121 0.573928 0.37626 0.0498121 0.573928 
284 0.37449 0.052572 0.572938 0.37449 0.052572 0.572938 
285 0.378991 0.0493765 0.571633 0.378991 0.0493765 0.571633 
286 0.376933 0.0486184 0.574449 0.376933 0.0486184 0.574449 
287 0.370781 0.0510543 0.578165 0.370781 0.0510543 0.578165 
288 0.376291 0.051378 0.572331 0.376291 0.051378 0.572331 
289 0.371638 0.0554786 0.572884 0.371638 0.0554786 0.572884 
290 0.368215 0.0580054 0.573779 0.368215 0.0580054 0.573779 
291 0.363757 0.0602566 0.575986 0.363757 0.0602566 0.575986 
292 0.361599 0.0618238 0.576577 0.361599 0.0618238 0.576577 
293 0.36564 0.0587038 0.575656 0.36564 0.0587038 0.575656 
294 0.369828 0.0604402 0.569732 0.369828 0.0604402 0.569732 
295 0.364944 0.0595086 0.575547 0.364944 0.0595086 0.575547 
296 0.362161 0.0592724 0.578567 0.362161 0.0592724 0.578567 
297 0.358434 0.0584268 0.583139 0.358434 0.0584268 0.583139 
298 0.361711 0.0575886 0.5807 0.361711 0.0575886 0.5807 
299 0.364376 0.0618232 0.573801 0.364376 0.0618232 0.573801 
300 0.365247 0.0599498 0.574803 0.365247 0.0599498 0.574803 
301 0.364672 0.0623703 0.572958 0.364672 0.0623703 0.572958 
302 0.370033 0.0598582 0.570109 0.370033 0.0598582 0.570109 
303 0.370012 0.0573308 0.572657 0.370012 0.0573308 0.572657 
304 0.368879 0.0537589 0.577362 0.368879 0.0537589 0.577362 
305 0.368515 0.0562313 0.575254 0.368515 0.0562313 0.575254 
306 0.365749 0.061467 0.572784 0.365749 0.061467 0.572784 
307 0.368261 0.0604386 0.5713 0.368261 0.0604386 0.5713 
308 0.36761 0.0596805 0.572709 0.36761 0.0596805 0.572709 
309 0.372208 0.0570153 0.570777 0.372208 0.0570153 0.570777 
310 0.371992 0.0569188 0.571089 0.371992 0.0569188 0.571089 
311 0.369405 0.0598609 0.570734 0.369405 0.0598609 0.570734 
312 0.37758 0.057143 0.565277 0.37758 0.057143 0.565277 
313 0.378508 0.05811 0.563382 0.378508 0.05811 0.563382 
314 0.371311 0.0566471 0.572042 0.371311 0.0566471 0.572042 
315 0.374168 0.056327 0.569505 0.374168 0.056327 0.569505 
316 0.37627 0.0550361 0.568694 0.37627 0.0550361 0.568694 
317 0.369104 0.0565274 0.574368 0.369104 0.0565274 0.574368 
318 0.373386 0.0542253 0.572389 0.373386 0.0542253 0.572389 
319 0.378827 0.0569608 0.564212 0.378827 0.0569608 0.564212 
320 0.372486 0.0582317 0.569283 0.372486 0.0582317 0.569283 
321 0.373725 0.0613147 0.56496 0.373725 0.0613147 0.56496 
322 0.374604 0.0566357 0.56876 0.374604 0.0566357 0.56876 
323 0.36944 0.0578109 0.572749 0.36944 0.0578109 0.572749 
324 0.371354 0.0580391 0.570607 0.371354 0.0580391 0.570607 
325 0.375143 0.0574986 0.567358 0.375143 0.0574986 0.567358 
326 0.373645 0.057406 0.568949 0.373645 0.057406 0.568949 
327 0.371225 0.05548 0.573295 0.371225 0.05548 0.573295 
328 0.380502 0.0574406 0.562057 0.380502 0.0574406 0.562057 
329 0.377193 0.0539948 0.568812 0.377193 0.0539948 0.568812 
330 0.376464 0.0560422 0.567493 0.376464 0.0560422 0.567493 
331 0.373696 0.0586537 0.56765 0.373696 0.0586537 0.56765 
332 0.375539 0.0583221 0.566138 0.375539 0.0583221 0.566138 
333 0.380919 0.0605497 0.558532 0.380919 0.0605497 0.558532 
334 0.383379 0.0574597 0.559162 0.383379 0.0574597 0.559162 
335 0.37857 0.0591506 0.562279 0.37857 0.0591506 0.562279 
336 0.380598 0.0580671 0.561335 0.380598 0.0580671 0.561335 
337 0.384308 0.0616972 0.553995 0.384308 0.0616972 0.553995 
338 0.384142 0.0599865 0.555871 0.384142 0.0599865 0.555871 
339 0.385365 0.0618921 0.552743 0.385365 0.0618921 0.552743 
340 0.387394 0.062024 0.550582 0.387394 0.062024 0.550582 
341 0.383872 0.0629596 0.553169 0.383872 0.0629596 0.553169 
342 0.385844 0.060758 0.553398 0.385844 0.060758 0.553398 
343 0.38766 0.061609 0.550731 0.38766 0.061609 0.550731 
344 0.388261 0.0612956 0.550443 0.388261 0.0612956 0.550443 
345 0.385206 0.0592274 0.555567 0.385206 0.0592274 0.555567 
346 0.388564 0.0554489 0.555987 0.388564 0.0554489 0.555987 
347 0.386804 0.0574465 0.555749 0.386804 0.0574465 0.555749 
348 0.382364 0.0584435 0.559193 0.382364 0.0584435 0.559193 
349 0.379666 0.0591253 0.561209 0.379666 0.0591253 0.561209 
350 0.383406 0.0601632 0.556431 0.383406 0.0601632 0.556431 
351 0.377812 0.0587 0.563488 0.377812 0.0587 0.563488 
352 0.378533 0.0622623 0.559205 0.378533 0.0622623 0.559205 
353 0.38316 0.0572515 0.559589 0.38316 0.0572515 0.559589 
354 0.381245 0.0554817 0.563274 0.381245 0.0554817 0.563274 
355 0.384114 0.0544386 0.561447 0.384114 0.0544386 0.561447 
356 0.382173 0.0586555 0.559172 0.382173 0.0586555 0.559172 
357 0.381532 0.0550445 0.563424 0.381532 0.0550445 0.563424 
358 0.385775 0.0542113 0.560013 0.385775 0.0542113 0.560013 
359 0.382857 0.0567488 0.560394 0.382857 0.0567488 0.560394 
360 0.386092 0.0583291 0.555579 0.386092 0.0583291 0.555579 
361 0.380858 0.0574134 0.561728 0.380858 0.0574134 0.561728 
362 0.384469 0.0591802 0.55635 0.384469 0.0591802 0.55635 
363 0.378074 0.0596667 0.562259 0.378074 0.0596667 0.562259 
364 0.381 0.0629696 0.55603 0.381 0.0629696 0.55603 
365 0.381084 0.0629995 0.555916 0.381084 0.0629995 0.555916 
366 0.380762 0.0605382 0.558699 0.380762 0.0605382 0.558699 
367 0.377908 0.0564278 0.565664 0.377908 0.0564278 0.565664 
368 0.38636 0.0585253 0.555115 0.38636 0.0585253 0.555115 
369 0.381417 0.0576276 0.560955 0.381417 0.0576276 0.560955 
370 0.382538 0.0552634 0.562198 0.382538 0.0552634 0.562198 
371 0.381896 0.0583805 0.559724 0.381896 0.0583805 0.559724 
372 0.381741 0.0637573 0.554502 0.381741 0.0637573 0.554502 
373 0.380282 0.0633586 0.55636 0.380282 0.0633586 0.55636 
374 0.37884 0.0640988 0.557061 0.37884 0.0640988 0.557061 
375 0.381302 0.0668843 0.551814 0.381302 0.0668843 0.551814 
376 0.380082 0.0662203 0.553697 0.380082 0.0662203 0.553697 
377 0.377896 0.0668911 0.555213 0.377896 0.0668911 0.555213 
378 0.372555 0.0695458 0.5579 0.372555 0.0695458 0.5579 
379 0.370407 0.0662607 0.563332 0.370407 0.0662607 0.563332 
380 0.37496 0.0672803 0.55776 0.37496 0.0672803 0.55776 
381 0.371099 0.0631286 0.565772 0.371099 0.0631286 0.565772 
382 0.370072 0.0646844 0.565243 0.370072 0.0646844 0.565243 
383 0.36948 0.0664508 0.564069 0.36948 0.0664508 0.564069 
384 0.371255 0.0652216 0.563523 0.371255 0.0652216 0.563523 
385 0.37441 0.0625843 0.563006 0.37441 0.0625843 0.563006 
386 0.375097 0.0634778 0.561425 0.375097 0.0634778 0.561425 
387 0.372723 0.0645153 0.562762 0.372723 0.0645153 0.562762 
388 0.371242 0.0643512 0.564407 0.371242 0.0643512 0.564407 
389 0.378574 0.0622855 0.55914 0.378574 0.0622855 0.55914 
390 0.373452 0.0610616 0.565487 0.373452 0.0610616 0.565487 
391 0.377024 0.0614746 0.561502 0.377024 0.0614746 0.561502 
392 0.380565 0.0597743 0.55966 0.380565 0.0597743 0.55966 
393 0.378931 0.0635132 0.557556 0.378931 0.0635132 0.557556 
394 0.384888 0.0618046 0.553307 0.384888 0.0618046 0.553307 
395 0.384741 0.0584472 0.556812 0.384741 0.0584472 0.556812 
396 0.38684 0.0592321 0.553928 0.38684 0.0592321 0.553928 
397 0.382655 0.0594547 0.55789 0.382655 0.0594547 0.55789 
398 0.379441 0.0611931 0.559366 0.379441 0.0611931 0.559366 
399 0.380997 0.058485 0.560518 0.380997 0.058485 0.560518 
400 0.381719 0.0603673 0.557914 0.381719 0.0603673 0.557914 
401 0.38295 0.0596624 0.557388 0.38295 0.0596624 0.557388 
402 0.376342 0.0613337 0.562325 0.376342 0.0613337 0.562325 
403 0.377488 0.0619116 0.5606 0.377488 0.0619116 0.5606 
404 0.37765 0.0601641 0.562186 0.37765 0.0601641 0.562186 
405 0.376172 0.0575751 0.566253 0.376172 0.0575751 0.566253 
406 0.37835 0.0610919 0.560559 0.37835 0.0610919 0.560559 
407 0.379864 0.0594892 0.560647 0.379864 0.0594892 0.560647 
408 0.374669 0.0626494 0.562681 0.374669 0.0626494 0.562681 
409 0.374259 0.0624385 0.563303 0.374259 0.0624385 0.563303 
410 0.372004 0.0664259 0.56157 0.372004 0.0664259 0.56157 
411 0.370596 0.0669125 0.562492 0.370596 0.0669125 0.562492 
412 0.371021 0.0643841 0.564595 0.371021 0.0643841 0.564595 
413 0.374338 0.063223 0.562439 0.374338 0.063223 0.562439 
414 0.371022 0.0641593 0.564818 0.371022 0.0641593 0.564818 
415 0.371772 0.060906 0.567322 0.371772 0.060906 0.567322 
416 0.375377 0.0616273 0.562996 0.375377 0.0616273 0.562996 
417 0.370344 0.0631307 0.566525 0.370344 0.0631307 0.566525 
418 0.368945 0.0586243 0.57243 0.368945 0.0586243 0.57243 
419 0.375615 0.0605685 0.563816 0.375615 0.0605685 0.563816 
420 0.374354 0.0581419 0.567504 0.374354 0.0581419 0.567504 
421 0.378542 0.0612167 0.560241 0.378542 0.0612167 0.560241 
422 0.378 0.0599409 0.562059 0.378 0.0599409 0.562059 
423 0.375954 0.0603679 0.563678 0.375954 0.0603679 0.563678 
424 0.382127 0.0587553 0.559118 0.382127 0.0587553 0.559118 
425 0.380268 0.0591688 0.560563 0.380268 0.0591688 0.560563 
426 0.379944 0.0623099 0.557746 0.379944 0.0623099 0.557746 
427 0.37746 0.0633486 0.559192 0.37746 0.0633486 0.559192 
428 0.37774 0.0631854 0.559075 0.37774 0.0631854 0.559075 
429 0.379139 0.0603458 0.560515 0.379139 0.0603458 0.560515 
430 0.380298 0.0594947 0.560207 0.380298 0.0594947 0.560207 
431 0.379706 0.0599845 0.560309 0.379706 0.0599845 0.560309 
432 0.382462 0.0614014 0.556137 0.382462 0.0614014 0.556137 
433 0.376815 0.0638557 0.55933 0.376815 0.0638557 0.55933 
434 0.377985 0.061691 0.560324 0.377985 0.061691 0.560324 
435 0.381509 0.0651176 0.553373 0.381509 0.0651176 0.553373 
436 0.385748 0.0646456 0.549606 0.385748 0.0646456 0.549606 
437 0.384158 0.0634366 0.552405 0.384158 0.0634366 0.552405 
438 0.38664 0.0646904 0.54867 0.38664 0.0646904 0.54867 
439 0.386946 0.0642122 0.548841 0.386946 0.0642122 0.548841 
440 0.388574 0.062517 0.548909 0.388574 0.062517 0.548909 
441 0.384562 0.0646832 0.550755 0.384562 0.0646832 0.550755 
442 0.383002 0.0627266 0.554271 0.383002 0.0627266 0.554271 
443 0.383689 0.0609733 0.555338 0.383689 0.0609733 0.555338 
444 0.37934 0.0628909 0.557769 0.37934 0.0628909 0.557769 
445 0.383941 0.064627 0.551432 0.383941 0.064627 0.551432 
446 0.386893 0.0620771 0.55103 0.386893 0.0620771 0.55103 
447 0.389662 0.0602539 0.550084 0.389662 0.0602539 0.550084 
448 0.386735 0.0623033 0.550962 0.386735 0.0623033 0.550962 
449 0.38859 0.0641656 0.547244 0.38859 0.0641656 0.547244 
450 0.387649 0.0630466 0.549304 0.387649 0.0630466 0.549304 
451 0.389398 0.0620159 0.548586 0.389398 0.0620159 0.548586 
452 0.383275 0.0619968 0.554729 0.383275 0.0619968 0.554729 
453 0.388056 0.0602514 0.551692 0.388056 0.0602514 0.551692 
454 0.386702 0.0592721 0.554026 0.386702 0.0592721 0.554026 
455 0.389927 0.0596238 0.550449 0.389927 0.0596238 0.550449 
456 0.396401 0.059023 0.544576 0.396401 0.059023 0.544576 
457 0.395452 0.061767 0.542781 0.395452 0.061767 0.542781 
458 0.3907 0.0594501 0.54985 0.3907 0.0594501 0.54985 
459 0.392229 0.0600278 0.547743 0.392229 0.0600278 0.547743 
460 0.395638 0.059683 0.544679 0.395638 0.059683 0.544679 
461 0.390602 0.0599274 0.54947 0.390602 0.0599274 0.54947 
462 0.393719 0.0585515 0.54773 0.393719 0.0585515 0.54773 
463 0.396882 0.0599919 0.543126 0.396882 0.0599919 0.543126 
464 0.397983 0.0597805 0.542237 0.397983 0.0597805 0.542237 
465 0.399224 0.062452 0.538324 0.399224 0.062452 0.538324 
466 0.40321 0.063536 0.533254 0.40321 0.063536 0.533254 
467 0.398349 0.0647816 0.53687 0.398349 0.0647816 0.53687 
468 0.397603 0.0669731 0.535424 0.397603 0.0669731 0.535424 
469 0.397783 0.0673493 0.534868 0.397783 0.0673493 0.534868 
470 0.39633 0.0674862 0.536184 0.39633 0.0674862 0.536184 
471 0.39567 0.0661377 0.538192 0.39567 0.0661377 0.538192 
472 0.394028 0.0674628 0.538509 0.394028 0.0674628 0.538509 
473 0.398438 0.0663988 0.535163 0.398438 0.0663988 0.535163 
474 0.392105 0.0677183 0.540177 0.392105 0.0677183 0.540177 
475 0.392702 0.0710075 0.536291 0.392702 0.0710075 0.536291 
476 0.394136 0.0704455 0.535419 0.394136 0.0704455 0.535419 
477 0.396931 0.0673953 0.535674 0.396931 0.0673953 0.535674 
478 0.396549 0.0688453 0.534605 0.396549 0.0688453 0.534605 
479 0.398741 0.068669 0.53259 0.398741 0.068669 0.53259 
480 0.394862 0.0653157 0.539822 0.394862 0.0653157 0.539822 
481 0.392749 0.0652496 0.542001 0.392749 0.0652496 0.542001 
482 0.387977 0.0683137 0.543709 0.387977 0.0683137 0.543709 
483 0.392929 0.0635406 0.54353 0.392929 0.0635406 0.54353 
484 0.393967 0.0656915 0.540341 0.393967 0.0656915 0.540341 
485 0.396491 0.0629666 0.540543 0.396491 0.0629666 0.540543 
486 0.393674 0.06407 0.542256 0.393674 0.06407 0.542256 
487 0.393286 0.0641819 0.542533 0.393286 0.0641819 0.542533 
488 0.400886 0.0650827 0.534031 0.400886 0.0650827 0.534031 
489 0.396845 0.0643115 0.538843 0.396845 0.0643115 0.538843 
490 0.395725 0.0623373 0.541937 0.395725 0.0623373 0.541937 
491 0.396929 0.0631433 0.539928 0.396929 0.0631433 0.539928 
492 0.397391 0.0656627 0.536947 0.397391 0.0656627 0.536947 
493 0.396551 0.0648626 0.538586 0.396551 0.0648626 0.538586 
494 0.399739 0.0635225 0.536739 0.399739 0.0635225 0.536739 
495 0.403745 0.0624499 0.533805 0.403745 0.0624499 0.533805 
496 0.404574 0.0627311 0.532695 0.404574 0.0627311 0.532695 
497 0.399458 0.0610265 0.539515 0.399458 0.0610265 0.539515 
498 0.402025 0.0625746 0.535401 0.402025 0.0625746 0.535401 
499 0.404061 0.0610272 0.534912 0.404061 0.0610272 0.534912 
500 0.407476 0.0607368 0.531788 0.407476 0.0607368 0.531788 
501 0.403748 0.0660068 0.530245 0.403748 0.0660068 0.530245 
502 0.405652 0.0675857 0.526762 0.405652 0.0675857 0.526762 
503 0.40844 0.0679947 0.523565 0.40844 0.0679947 0.523565 
504 0.409111 0.0647485 0.52614 0.409111 0.0647485 0.52614 
505 0.408459 0.0661735 0.525367 0.408459 0.0661735 0.525367 
506 0.402048 0.0655467 0.532405 0.402048 0.0655467 0.532405 
507 0.39957 0.0639539 0.536476 0.39957 0.0639539 0.536476 
508 0.403553 0.0685026 0.527945 0.403553 0.0685026 0.527945 
509 0.403137 0.0654509 0.531412 0.403137 0.0654509 0.531412 
510 0.404065 0.066202 0.529733 0.404065 0.066202 0.529733 
511 0.398591 0.0680487 0.53336 0.398591 0.0680487 0.53336 
512 0.396393 0.0678906 0.535717 0.396393 0.0678906 0.535717 
513 0.395009 0.0660546 0.538936 0.395009 0.0660546 0.538936 
514 0.395697 0.0696118 0.534691 0.395697 0.0696118 0.534691 
515 0.398659 0.0674412 0.5339 0.398659 0.0674412 0.5339 
516 0.400009 0.0670493 0.532941 0.400009 0.0670493 0.532941 
517 0.399255 0.066451 0.534294 0.399255 0.066451 0.534294 
518 0.39717 0.064563 0.538267 0.39717 0.064563 0.538267 
519 0.398656 0.0621916 0.539152 0.398656 0.0621916 0.539152 
520 0.395218 0.06262 0.542162 0.395218 0.06262 0.542162 
521 0.398173 0.0614238 0.540404 0.398173 0.0614238 0.540404 
522 0.400558 0.0617481 0.537694 0.400558 0.0617481 0.537694 
523 0.399576 0.0623741 0.53805 0.399576 0.0623741 0.53805 
524 0.39713 0.062692 0.540178 0.39713 0.062692 0.540178 
525 0.395793 0.0633808 0.540826 0.395793 0.0633808 0.540826 
526 0.397527 0.0658957 0.536578 0.397527 0.0658957 0.536578 
527 0.399991 0.0667453 0.533263 0.399991 0.0667453 0.533263 
528 0.399765 0.065699 0.534536 0.399765 0.065699 0.534536 
529 0.398435 0.068541 0.533024 0.398435 0.068541 0.533024 
530 0.402716 0.0661201 0.531164 0.402716 0.0661201 0.531164 
531 0.401974 0.0665537 0.531473 0.401974 0.0665537 0.531473 
532 0.403524 0.0663968 0.53008 0.403524 0.0663968 0.53008 
533 0.392353 0.0664285 0.541218 0.392353 0.0664285 0.541218 
534 0.396299 0.0658928 0.537809 0.396299 0.0658928 0.537809 
535 0.399004 0.0635427 0.537453 0.399004 0.0635427 0.537453 
536 0.397609 0.0634004 0.538991 0.397609 0.0634004 0.538991 
537 0.398177 0.0654934 0.53633 0.398177 0.0654934 0.53633 
538 0.393897 0.0662764 0.539826 0.393897 0.0662764 0.539826 
539 0.389708 0.0664129 0.543879 0.389708 0.0664129 0.543879 
540 0.389645 0.0682551 0.5421 0.389645 0.0682551 0.5421 
541 0.393535 0.0666117 0.539854 0.393535 0.0666117 0.539854 
542 0.39355 0.0640577 0.542392 0.39355 0.0640577 0.542392 
543 0.39238 0.0653444 0.542275 0.39238 0.0653444 0.542275 
544 0.38986 0.0649861 0.545154 0.38986 0.0649861 0.545154 
545 0.388531 0.0655026 0.545967 0.388531 0.0655026 0.545967 
546 0.392069 0.0661534 0.541778 0.392069 0.0661534 0.541778 
547 0.39187 0.0694234 0.538706 0.39187 0.0694234 0.538706 
548 0.392651 0.0686711 0.538678 0.392651 0.0686711 0.538678 
549 0.396495 0.0682932 0.535212 0.396495 0.0682932 0.535212 
550 0.39411 0.0659801 0.53991 0.39411 0.0659801 0.53991 
551 0.391183 0.0671194 0.541698 0.391183 0.0671194 0.541698 
552 0.393975 0.0698575 0.536168 0.393975 0.0698575 0.536168 
553 0.395435 0.07247 0.532095 0.395435 0.07247 0.532095 
554 0.390929 0.0723692 0.536701 0.390929 0.0723692 0.536701 
555 0.394148 0.0742691 0.531583 0.394148 0.0742691 0.531583 
556 0.39368 0.0726773 0.533642 0.39368 0.0726773 0.533642 
557 0.392843 0.0705531 0.536604 0.392843 0.0705531 0.536604 
558 0.392818 0.0708524 0.53633 0.392818 0.0708524 0.53633 
559 0.390572 0.0688101 0.540618 0.390572 0.0688101 0.540618 
560 0.391347 0.0660796 0.542573 0.391347 0.0660796 0.542573 
561 0.389071 0.0666914 0.544238 0.389071 0.0666914 0.544238 
562 0.391519 0.0676802 0.540801 0.391519 0.0676802 0.540801 
563 0.393036 0.0656436 0.54132 0.393036 0.0656436 0.54132 
564 0.395194 0.0680207 0.536786 0.395194 0.0680207 0.536786 
565 0.395928 0.0687863 0.535286 0.395928 0.0687863 0.535286 
566 0.386402 0.0676768 0.545921 0.386402 0.0676768 0.545921 
567 0.384785 0.0706325 0.544583 0.384785 0.0706325 0.544583 
568 0.386135 0.072817 0.541048 0.386135 0.072817 0.541048 
569 0.391364 0.0747736 0.533862 0.391364 0.0747736 0.533862 
570 0.387221 0.0760008 0.536778 0.387221 0.0760008 0.536778 
571 0.389939 0.0745752 0.535486 0.389939 0.0745752 0.535486 
572 0.385262 0.0728616 0.541876 0.385262 0.0728616 0.541876 
573 0.387122 0.0748216 0.538057 0.387122 0.0748216 0.538057 
574 0.390347 0.0731034 0.53655 0.390347 0.0731034 0.53655 
575 0.395569 0.0724535 0.531978 0.395569 0.0724535 0.531978 
576 0.397383 0.0734803 0.529136 0.397383 0.0734803 0.529136 
577 0.398566 0.0727155 0.528718 0.398566 0.0727155 0.528718 
578 0.400533 0.0741603 0.525307 0.400533 0.0741603 0.525307 
579 0.401627 0.0734885 0.524884 0.401627 0.0734885 0.524884 
580 0.401287 0.0724781 0.526235 0.401287 0.0724781 0.526235 
581 0.395515 0.0706304 0.533855 0.395515 0.0706304 0.533855 
582 0.396687 0.0702858 0.533027 0.396687 0.0702858 0.533027 
583 0.393151 0.0689459 0.537903 0.393151 0.0689459 0.537903 
584 0.393363 0.0661505 0.540486 0.393363 0.0661505 0.540486 
585 0.397108 0.0675432 0.535349 0.397108 0.0675432 0.535349 
586 0.39284 0.0674368 0.539723 0.39284 0.0674368 0.539723 
587 0.396605 0.0667132 0.536681 0.396605 0.0667132 0.536681 
588 0.39169 0.068793 0.539517 0.39169 0.068793 0.539517 
589 0.398964 0.0670567 0.53398 0.398964 0.0670567 0.53398 
590 0.400192 0.0659574 0.533851 0.400192 0.0659574 0.533851 
591 0.399755 0.0681438 0.532101 0.399755 0.0681438 0.532101 
592 0.403217 0.0698288 0.526954 0.403217 0.0698288 0.526954 
593 0.404551 0.0683361 0.527112 0.404551 0.0683361 0.527112 
594 0.403838 0.0659322 0.53023 0.403838 0.0659322 0.53023 
595 0.404308 0.0658109 0.529881 0.404308 0.0658109 0.529881 
596 0.400973 0.066978 0.532049 0.400973 0.066978 0.532049 
597 0.404347 0.0671308 0.528523 0.404347 0.0671308 0.528523 
598 0.405349 0.0651806 0.529471 0.405349 0.0651806 0.529471 
599 0.401693 0.0660654 0.532241 0.401693 0.0660654 0.532241 
600 0.396131 0.0699352 0.533934 0.396131 0.0699352 0.533934 
601 0.401896 0.0664582 0.531645 0.401896 0.0664582 0.531645 
602 0.398722 0.0685573 0.532721 0.398722 0.0685573 0.532721 
603 0.402044 0.0696859 0.52827 0.402044 0.0696859 0.52827 
604 0.402286 0.072297 0.525417 0.402286 0.072297 0.525417 
605 0.404739 0.0712247 0.524037 0.404739 0.0712247 0.524037 
606 0.406149 0.0702052 0.523646 0.406149 0.0702052 0.523646 
607 0.408579 0.0686723 0.522748 0.408579 0.0686723 0.522748 
608 0.407382 0.0687138 0.523904 0.407382 0.0687138 0.523904 
609 0.407191 0.0683108 0.524498 0.407191 0.0683108 0.524498 
610 0.404684 0.0668143 0.528501 0.404684 0.0668143 0.528501 
611 0.407706 0.0677526 0.524541 0.407706 0.0677526 0.524541 
612 0.406479 0.0686417 0.524879 0.406479 0.0686417 0.524879 
613 0.405472 0.0666104 0.527917 0.405472 0.0666104 0.527917 
614 0.402572 0.0687873 0.528641 0.402572 0.0687873 0.528641 
615 0.402467 0.0685653 0.528968 0.402467 0.0685653 0.528968 
616 0.400398 0.0707768 0.528825 0.400398 0.0707768 0.528825 
617 0.404717 0.0679251 0.527358 0.404717 0.0679251 0.527358 
618 0.407676 0.0688814 0.523443 0.407676 0.0688814 0.523443 
619 0.403735 0.0707119 0.525553 0.403735 0.0707119 0.525553 
620 0.407013 0.0714634 0.521524 0.407013 0.0714634 0.521524 
621 0.41055 0.0695366 0.519914 0.41055 0.0695366 0.519914 
622 0.412737 0.0702346 0.517029 0.412737 0.0702346 0.517029 
623 0.410411 0.076561 0.513028 0.410411 0.076561 0.513028 
624 0.407551 0.0708119 0.521637 0.407551 0.0708119 0.521637 
625 0.407937 0.0722757 0.519787 0.407937 0.0722757 0.519787 
626 0.4044 0.0705086 0.525092 0.4044 0.0705086 0.525092 
627 0.400637 0.0687421 0.530621 0.400637 0.0687421 0.530621 
628 0.401384 0.0690647 0.529551 0.401384 0.0690647 0.529551 
629 0.408892 0.0689305 0.522178 0.408892 0.0689305 0.522178 
630 0.409715 0.0706021 0.519683 0.409715 0.0706021 0.519683 
631 0.401748 0.0683494 0.529902 0.401748 0.0683494 0.529902 
632 0.406176 0.0678209 0.526003 0.406176 0.0678209 0.526003 
633 0.406914 0.0693553 0.523731 0.406914 0.0693553 0.523731 
634 0.405255 0.0673185 0.527427 0.405255 0.0673185 0.527427 
635 0.403798 0.0662991 0.529903 0.403798 0.0662991 0.529903 
636 0.403959 0.0678594 0.528181 0.403959 0.0678594 0.528181 
637 0.401924 0.0675147 0.530561 0.401924 0.0675147 0.530561 
638 0.407295 0.0657319 0.526974 0.407295 0.0657319 0.526974 
639 0.405693 0.0646558 0.529651 0.405693 0.0646558 0.529651 
640 0.405822 0.0661566 0.528021 0.405822 0.0661566 0.528021 
641 0.408109 0.0679223 0.523969 0.408109 0.0679223 0.523969 
642 0.407515 0.0672931 0.525192 0.407515 0.0672931 0.525192 
643 0.409731 0.0640608 0.526208 0.409731 0.0640608 0.526208 
644 0.403757 0.0683271 0.527916 0.403757 0.0683271 0.527916 
645 0.40764 0.0645496 0.527811 0.40764 0.0645496 0.527811 
646 0.410685 0.063327 0.525988 0.410685 0.063327 0.525988 
647 0.406265 0.0628957 0.530839 0.406265 0.0628957 0.530839 
648 0.403259 0.0631155 0.533625 0.403259 0.0631155 0.533625 
649 0.401349 0.0647479 0.533903 0.401349 0.0647479 0.533903 
650 0.401697 0.0650561 0.533247 0.401697 0.0650561 0.533247 
651 0.404552 0.0630424 0.532406 0.404552 0.0630424 0.532406 
652 0.404817 0.06281 0.532373 0.404817 0.06281 0.532373 
653 0.408985 0.0640524 0.526962 0.408985 0.0640524 0.526962 
654 0.409058 0.0645402 0.526402 0.409058 0.0645402 0.526402 
655 0.406222 0.0661115 0.527666 0.406222 0.0661115 0.527666 
656 0.404719 0.066386 0.528895 0.404719 0.066386 0.528895 
657 0.403086 0.0672566 0.529658 0.403086 0.0672566 0.529658 
658 0.403855 0.0671885 0.528957 0.403855 0.0671885 0.528957 
659 0.40457 0.0695151 0.525915 0.40457 0.0695151 0.525915 
660 0.40486 0.0697084 0.525432 0.40486 0.0697084 0.525432 
661 0.402312 0.0694528 0.528236 0.402312 0.0694528 0.528236 
662 0.403609 0.0723674 0.524023 0.403609 0.0723674 0.524023 
