#t all sampled fraction of dominance, coordination, coexistence sur_sampled fraction of dominance coordination coexistence
0 nan nan nan nan nan nan 
1 0.275 0.025 0.7 0.282051 0.025641 0.692308 
2 0.312821 0.0615385 0.625641 0.317708 0.0625 0.619792 
3 0.320175 0.0482456 0.631579 0.324444 0.0488889 0.626667 
4 0.306818 0.0416667 0.651515 0.310345 0.0421456 0.64751 
5 0.283476 0.042735 0.673789 0.28592 0.0431034 0.670977 
6 0.2494 0.00959233 0.741007 0.251208 0.00966184 0.73913 
7 0.277445 0.011976 0.710579 0.279116 0.0120482 0.708835 
8 0.212381 0.0171429 0.770476 0.213602 0.0172414 0.769157 
9 0.21949 0.00910747 0.771403 0.220696 0.00915751 0.770147 
10 0.228395 0.00881834 0.762787 0.22961 0.00886525 0.761525 
11 0.250825 0.0181518 0.731023 0.252073 0.0182421 0.729685 
12 0.251543 0.0177469 0.73071 0.252713 0.0178295 0.729457 
13 0.209502 0.0116822 0.778816 0.210485 0.0117371 0.777778 
14 0.203196 0.00608828 0.790715 0.204128 0.00611621 0.789755 
15 0.226087 0.0130435 0.76087 0.227074 0.0131004 0.759825 
16 0.218003 0.0295359 0.752461 0.218927 0.029661 0.751412 
17 0.238683 0.0116598 0.749657 0.239669 0.011708 0.748623 
18 0.255026 0.0152116 0.729762 0.256042 0.0152722 0.728685 
19 0.242692 0.00448718 0.752821 0.243629 0.0045045 0.751866 
20 0.242197 0.00873908 0.749064 0.243108 0.00877193 0.74812 
21 0.228623 0.0108696 0.760507 0.229455 0.0109091 0.759636 
22 0.239362 0.0100473 0.750591 0.240214 0.010083 0.749703 
23 0.251494 0.00862069 0.739885 0.252364 0.00865052 0.738985 
24 0.238773 0.00983796 0.751389 0.239605 0.00987224 0.750523 
25 0.257627 0.00564972 0.736723 0.258503 0.00566893 0.735828 
26 0.253107 0.00734463 0.739548 0.253968 0.00736961 0.738662 
27 0.247883 0.0114007 0.740717 0.248693 0.0114379 0.739869 
28 0.257989 0.0153439 0.726667 0.258811 0.0153928 0.725796 
29 0.263032 0.00571132 0.731256 0.263854 0.00572917 0.730417 
30 0.280041 0.00802469 0.711934 0.280908 0.00804954 0.711042 
31 0.281111 0.010202 0.708687 0.281966 0.010233 0.707801 
32 0.274848 0.0116162 0.713535 0.275684 0.0116515 0.712665 
33 0.26796 0.0154229 0.716617 0.268762 0.0154691 0.715768 
34 0.285218 0.00674603 0.708036 0.28607 0.00676617 0.707164 
35 0.281871 0.0151072 0.703021 0.282698 0.0151515 0.702151 
36 0.274878 0.00782014 0.717302 0.275686 0.00784314 0.716471 
37 0.256647 0.0125241 0.730829 0.257391 0.0125604 0.730048 
38 0.259343 0.02723 0.713427 0.260075 0.027307 0.712618 
39 0.273277 0.0179415 0.708782 0.274053 0.0179924 0.707955 
40 0.262356 0.0158046 0.721839 0.263112 0.0158501 0.721037 
41 0.24272 0.016954 0.740326 0.24342 0.0170029 0.739577 
42 0.245009 0.0086629 0.746328 0.245703 0.00868744 0.745609 
43 0.235093 0.0175 0.747407 0.235747 0.0175487 0.746704 
44 0.243083 0.0171721 0.739745 0.243764 0.0172202 0.739016 
45 0.260452 0.0145951 0.724953 0.26119 0.0146364 0.724174 
46 0.26978 0.0215201 0.7087 0.270523 0.0215794 0.707897 
47 0.273729 0.0183616 0.70791 0.274504 0.0184136 0.707082 
48 0.2723 0.015493 0.712207 0.27307 0.0155367 0.711394 
49 0.266202 0.0142061 0.719591 0.266946 0.0142458 0.718808 
50 0.262259 0.00780533 0.729936 0.262983 0.00782689 0.72919 
51 0.26337 0.00851648 0.728114 0.264096 0.00853994 0.727365 
52 0.272752 0.0145322 0.712716 0.273497 0.0145719 0.711931 
53 0.264047 0.0112918 0.724661 0.264764 0.0113225 0.723913 
54 0.26451 0.00943396 0.726056 0.265225 0.00945946 0.725315 
55 0.26516 0.0113475 0.723493 0.2632 0.0113778 0.725422 
56 0.278257 0.0112309 0.710512 0.276306 0.0112613 0.712432 
57 0.276404 0.0178947 0.705702 0.276404 0.0178947 0.705702 
58 0.266138 0.00820106 0.725661 0.266138 0.00820106 0.725661 
59 0.265354 0.0147857 0.71986 0.265354 0.0147857 0.71986 
60 0.272933 0.0145344 0.712533 0.272933 0.0145344 0.712533 
61 0.270469 0.0115827 0.717949 0.270469 0.0115827 0.717949 
62 0.271164 0.0106702 0.718166 0.271164 0.0106702 0.718166 
63 0.268528 0.0235816 0.70789 0.268528 0.0235816 0.70789 
64 0.277459 0.0219321 0.700609 0.277459 0.0219321 0.700609 
65 0.283418 0.0173469 0.699235 0.283418 0.0173469 0.699235 
66 0.271441 0.0239557 0.704604 0.271441 0.0239557 0.704604 
67 0.278608 0.0159794 0.705412 0.278608 0.0159794 0.705412 
68 0.282729 0.0101776 0.707094 0.282729 0.0101776 0.707094 
69 0.267187 0.0108507 0.721962 0.267187 0.0108507 0.721962 
70 0.265116 0.00904393 0.72584 0.265116 0.00904393 0.72584 
71 0.254656 0.00879025 0.736554 0.254656 0.00879025 0.736554 
72 0.247949 0.0106838 0.741368 0.247949 0.0106838 0.741368 
73 0.258397 0.0136402 0.727962 0.258397 0.0136402 0.727962 
74 0.242274 0.0174479 0.740278 0.242274 0.0174479 0.740278 
75 0.251901 0.0163248 0.731774 0.251901 0.0163248 0.731774 
76 0.241752 0.0166667 0.741582 0.241752 0.0166667 0.741582 
77 0.24631 0.0158609 0.737829 0.24631 0.0158609 0.737829 
78 0.22873 0.0207161 0.750554 0.22873 0.0207161 0.750554 
79 0.251167 0.0248333 0.724 0.251167 0.0248333 0.724 
80 0.247786 0.0121136 0.7401 0.247786 0.0121136 0.7401 
81 0.255195 0.0103907 0.734414 0.255195 0.0103907 0.734414 
82 0.248403 0.0180999 0.733497 0.248403 0.0180999 0.733497 
83 0.256472 0.0281553 0.715372 0.256472 0.0281553 0.715372 
84 0.249191 0.0225728 0.728236 0.249191 0.0225728 0.728236 
85 0.24518 0.0273693 0.727451 0.24518 0.0273693 0.727451 
86 0.252696 0.00849673 0.738807 0.252696 0.00849673 0.738807 
87 0.251626 0.0237398 0.724634 0.251626 0.0237398 0.724634 
88 0.253349 0.023406 0.723245 0.253349 0.023406 0.723245 
89 0.259598 0.02 0.720402 0.259598 0.02 0.720402 
90 0.26008 0.0179116 0.722008 0.26008 0.0179116 0.722008 
91 0.254911 0.0173108 0.727778 0.254911 0.0173108 0.727778 
92 0.250327 0.0114379 0.738235 0.250327 0.0114379 0.738235 
93 0.254803 0.0153086 0.729888 0.254803 0.0153086 0.729888 
94 0.26722 0.0166263 0.716154 0.26722 0.0166263 0.716154 
95 0.253715 0.0190827 0.727203 0.253715 0.0190827 0.727203 
96 0.267226 0.0172779 0.715497 0.267226 0.0172779 0.715497 
97 0.271691 0.0151878 0.713121 0.271691 0.0151878 0.713121 
98 0.265514 0.0177669 0.716719 0.265514 0.0177669 0.716719 
99 0.26385 0.0186469 0.717504 0.26385 0.0186469 0.717504 
100 0.274575 0.0140482 0.711376 0.274575 0.0140482 0.711376 
101 0.268762 0.0131667 0.718071 0.268762 0.0131667 0.718071 
102 0.267901 0.0222494 0.70985 0.267901 0.0222494 0.70985 
103 0.274113 0.0175654 0.708322 0.274113 0.0175654 0.708322 
104 0.262848 0.0161369 0.721015 0.262848 0.0161369 0.721015 
105 0.273786 0.013317 0.712897 0.273786 0.013317 0.712897 
106 0.279817 0.0185726 0.70161 0.279817 0.0185726 0.70161 
107 0.272274 0.017506 0.71022 0.272274 0.017506 0.71022 
108 0.268047 0.0247031 0.70725 0.268047 0.0247031 0.70725 
109 0.258947 0.0215827 0.71947 0.258947 0.0215827 0.71947 
110 0.28018 0.0214002 0.69842 0.28018 0.0214002 0.69842 
111 0.272067 0.0164228 0.71151 0.272067 0.0164228 0.71151 
112 0.282431 0.0178484 0.699721 0.282431 0.0178484 0.699721 
113 0.293509 0.0158538 0.690638 0.293509 0.0158538 0.690638 
114 0.281736 0.0153972 0.702867 0.281736 0.0153972 0.702867 
115 0.282959 0.0221492 0.694892 0.282959 0.0221492 0.694892 
116 0.285337 0.0173878 0.697276 0.285337 0.0173878 0.697276 
117 0.276349 0.0338889 0.689762 0.276349 0.0338889 0.689762 
118 0.278446 0.0266827 0.694872 0.276707 0.026747 0.696546 
119 0.282456 0.0212121 0.696332 0.282456 0.0212121 0.696332 
120 0.283322 0.0168277 0.69985 0.283322 0.0168277 0.69985 
121 0.277605 0.0224638 0.699931 0.277605 0.0224638 0.699931 
122 0.284616 0.0190016 0.696383 0.284616 0.0190016 0.696383 
123 0.284932 0.0159773 0.69909 0.284932 0.0159773 0.69909 
124 0.288395 0.0161421 0.695463 0.288395 0.0161421 0.695463 
125 0.281667 0.0161789 0.702154 0.281667 0.0161789 0.702154 
126 0.280056 0.0146283 0.705316 0.280056 0.0146283 0.705316 
127 0.263277 0.0272222 0.709501 0.263277 0.0272222 0.709501 
128 0.254492 0.0264937 0.719014 0.254492 0.0264937 0.719014 
129 0.261361 0.0188095 0.71983 0.261361 0.0188095 0.71983 
130 0.27017 0.0112698 0.71856 0.27017 0.0112698 0.71856 
131 0.254984 0.0168656 0.728151 0.254984 0.0168656 0.728151 
132 0.266837 0.017619 0.715544 0.266837 0.017619 0.715544 
133 0.266453 0.0159591 0.717588 0.266453 0.0159591 0.717588 
134 0.258997 0.0261849 0.714819 0.258997 0.0261849 0.714819 
135 0.263852 0.0109535 0.725194 0.263852 0.0109535 0.725194 
136 0.251128 0.0124803 0.736391 0.251128 0.0124803 0.736391 
137 0.253716 0.0136184 0.732666 0.253716 0.0136184 0.732666 
138 0.26807 0.0221964 0.709734 0.26807 0.0221964 0.709734 
139 0.275661 0.0147248 0.709614 0.275661 0.0147248 0.709614 
140 0.255054 0.0189465 0.726 0.255054 0.0189465 0.726 
141 0.263246 0.0177621 0.718992 0.263246 0.0177621 0.718992 
142 0.244142 0.0136087 0.742249 0.244142 0.0136087 0.742249 
143 0.24436 0.022249 0.733391 0.24436 0.022249 0.733391 
144 0.259016 0.0275671 0.713417 0.259016 0.0275671 0.713417 
145 0.260423 0.0304038 0.709173 0.260423 0.0304038 0.709173 
146 0.251774 0.0223558 0.72587 0.251774 0.0223558 0.72587 
147 0.244191 0.0286634 0.727145 0.244191 0.0286634 0.727145 
148 0.242023 0.021249 0.736728 0.242023 0.021249 0.736728 
149 0.257795 0.0272321 0.714973 0.257795 0.0272321 0.714973 
150 0.248352 0.0278732 0.723775 0.248352 0.0278732 0.723775 
151 0.23504 0.029932 0.735028 0.23504 0.029932 0.735028 
152 0.239029 0.0391433 0.721827 0.239029 0.0391433 0.721827 
153 0.250051 0.0397951 0.710154 0.250051 0.0397951 0.710154 
154 0.237501 0.0350919 0.727407 0.237501 0.0350919 0.727407 
155 0.246536 0.028594 0.72487 0.246536 0.028594 0.72487 
156 0.250339 0.0295329 0.720128 0.250339 0.0295329 0.720128 
157 0.268106 0.0308908 0.701003 0.268106 0.0308908 0.701003 
158 0.258678 0.0364706 0.704852 0.258678 0.0364706 0.704852 
159 0.252868 0.031746 0.715385 0.252868 0.031746 0.715385 
160 0.248644 0.0339608 0.717395 0.248644 0.0339608 0.717395 
161 0.249657 0.0302958 0.720047 0.249657 0.0302958 0.720047 
162 0.253186 0.0454034 0.701411 0.253186 0.0454034 0.701411 
163 0.265414 0.028515 0.706071 0.265414 0.028515 0.706071 
164 0.268737 0.0314331 0.69983 0.268737 0.0314331 0.69983 
165 0.270575 0.0285827 0.700843 0.270575 0.0285827 0.700843 
166 0.254672 0.0462875 0.699041 0.254672 0.0462875 0.699041 
167 0.257538 0.0277251 0.714737 0.257538 0.0277251 0.714737 
168 0.265577 0.039836 0.694587 0.265577 0.039836 0.694587 
169 0.280548 0.0297956 0.689656 0.280548 0.0297956 0.689656 
170 0.276264 0.0351587 0.688577 0.276264 0.0351587 0.688577 
171 0.277321 0.0316627 0.691016 0.277321 0.0316627 0.691016 
172 0.265318 0.0336546 0.701027 0.265318 0.0336546 0.701027 
173 0.279333 0.0403341 0.680333 0.279333 0.0403341 0.680333 
174 0.256496 0.0313301 0.712174 0.256496 0.0313301 0.712174 
175 0.263275 0.0371703 0.699555 0.263275 0.0371703 0.699555 
176 0.258017 0.0300392 0.711944 0.258017 0.0300392 0.711944 
177 0.268438 0.0364816 0.69508 0.268438 0.0364816 0.69508 
178 0.256506 0.0377487 0.705746 0.256506 0.0377487 0.705746 
179 0.254561 0.0299484 0.715491 0.254561 0.0299484 0.715491 
180 0.261017 0.0291249 0.709858 0.261017 0.0291249 0.709858 
181 0.275113 0.0415143 0.683373 0.275113 0.0415143 0.683373 
182 0.260323 0.0367556 0.702921 0.260323 0.0367556 0.702921 
183 0.265354 0.0346744 0.699972 0.265354 0.0346744 0.699972 
184 0.271735 0.0350462 0.693219 0.271735 0.0350462 0.693219 
185 0.258939 0.0372576 0.703804 0.258939 0.0372576 0.703804 
186 0.256526 0.049327 0.694147 0.256526 0.049327 0.694147 
187 0.273826 0.0340781 0.692095 0.273826 0.0340781 0.692095 
188 0.275389 0.0426012 0.682009 0.275389 0.0426012 0.682009 
189 0.27498 0.030958 0.694062 0.27498 0.030958 0.694062 
190 0.277148 0.0358768 0.686975 0.277148 0.0358768 0.686975 
191 0.276473 0.0418826 0.681645 0.276473 0.0418826 0.681645 
192 0.275484 0.0341647 0.690352 0.275484 0.0341647 0.690352 
193 0.271864 0.0382479 0.689888 0.271864 0.0382479 0.689888 
194 0.272801 0.0343529 0.692846 0.272801 0.0343529 0.692846 
195 0.281425 0.0305352 0.68804 0.281425 0.0305352 0.68804 
196 0.274307 0.0317046 0.693988 0.274307 0.0317046 0.693988 
197 0.267979 0.0424878 0.689533 0.267979 0.0424878 0.689533 
198 0.273793 0.035759 0.690448 0.273793 0.035759 0.690448 
199 0.267151 0.0315789 0.70127 0.267151 0.0315789 0.70127 
200 0.268775 0.0324582 0.698767 0.268775 0.0324582 0.698767 
201 0.269377 0.0340493 0.696573 0.269377 0.0340493 0.696573 
202 0.269174 0.0293976 0.701429 0.269174 0.0293976 0.701429 
203 0.277996 0.0321258 0.689878 0.277996 0.0321258 0.689878 
204 0.29226 0.0279748 0.679765 0.29226 0.0279748 0.679765 
205 0.292898 0.0242711 0.682831 0.292898 0.0242711 0.682831 
206 0.285117 0.0307544 0.684129 0.285117 0.0307544 0.684129 
207 0.278247 0.0412281 0.680525 0.278247 0.0412281 0.680525 
208 0.280012 0.0339975 0.68599 0.280012 0.0339975 0.68599 
209 0.274907 0.0396675 0.685426 0.274907 0.0396675 0.685426 
210 0.294865 0.0375389 0.667596 0.294865 0.0375389 0.667596 
211 0.284225 0.0344597 0.681315 0.284225 0.0344597 0.681315 
212 0.274354 0.0439522 0.681694 0.274354 0.0439522 0.681694 
213 0.288719 0.0389376 0.672344 0.288719 0.0389376 0.672344 
214 0.289923 0.0335457 0.676531 0.289923 0.0335457 0.676531 
215 0.282901 0.0395889 0.67751 0.282901 0.0395889 0.67751 
216 0.273266 0.0434343 0.6833 0.273266 0.0434343 0.6833 
217 0.283489 0.038406 0.678105 0.283489 0.038406 0.678105 
218 0.274843 0.0430008 0.682157 0.274843 0.0430008 0.682157 
219 0.278977 0.0430791 0.677944 0.278977 0.0430791 0.677944 
220 0.291916 0.0428571 0.665227 0.291916 0.0428571 0.665227 
221 0.283997 0.0427565 0.673247 0.283997 0.0427565 0.673247 
222 0.287598 0.0362629 0.67614 0.287598 0.0362629 0.67614 
223 0.289073 0.0361446 0.674782 0.289073 0.0361446 0.674782 
224 0.278323 0.0329261 0.688751 0.278323 0.0329261 0.688751 
225 0.282746 0.0404762 0.676778 0.282746 0.0404762 0.676778 
226 0.276933 0.0384467 0.68462 0.276933 0.0384467 0.68462 
227 0.271011 0.036527 0.692462 0.271011 0.036527 0.692462 
228 0.271916 0.0418818 0.686202 0.271916 0.0418818 0.686202 
229 0.270992 0.0496022 0.679406 0.270992 0.0496022 0.679406 
230 0.275132 0.0415064 0.683362 0.275132 0.0415064 0.683362 
231 0.283275 0.0352335 0.681491 0.283275 0.0352335 0.681491 
232 0.268895 0.0303939 0.700711 0.268895 0.0303939 0.700711 
233 0.272879 0.0288257 0.698295 0.272879 0.0288257 0.698295 
234 0.283299 0.03994 0.676761 0.283299 0.03994 0.676761 
235 0.279226 0.0414545 0.67932 0.279226 0.0414545 0.67932 
236 0.273874 0.0433007 0.682826 0.273874 0.0433007 0.682826 
237 0.266638 0.0464401 0.686922 0.266638 0.0464401 0.686922 
238 0.275003 0.0437493 0.681248 0.275003 0.0437493 0.681248 
239 0.276921 0.0412583 0.681821 0.276921 0.0412583 0.681821 
240 0.265816 0.0452553 0.688929 0.265816 0.0452553 0.688929 
241 0.26543 0.0489073 0.685663 0.26543 0.0489073 0.685663 
242 0.258855 0.0417157 0.699429 0.258855 0.0417157 0.699429 
243 0.267018 0.049314 0.683668 0.267018 0.049314 0.683668 
244 0.277926 0.0505707 0.671504 0.277926 0.0505707 0.671504 
245 0.271238 0.0365617 0.6922 0.271238 0.0365617 0.6922 
246 0.271275 0.0336523 0.695073 0.271275 0.0336523 0.695073 
247 0.275754 0.0367232 0.687523 0.275754 0.0367232 0.687523 
248 0.262794 0.0350649 0.702141 0.262794 0.0350649 0.702141 
249 0.267287 0.041768 0.690945 0.267287 0.041768 0.690945 
250 0.26301 0.0457937 0.691196 0.26301 0.0457937 0.691196 
251 0.274042 0.0465873 0.679371 0.274042 0.0465873 0.679371 
252 0.28381 0.0454762 0.670714 0.28381 0.0454762 0.670714 
253 0.26851 0.037213 0.694277 0.26851 0.037213 0.694277 
254 0.274076 0.0366667 0.689257 0.274076 0.0366667 0.689257 
255 0.264214 0.0349131 0.700873 0.264214 0.0349131 0.700873 
256 0.264473 0.0388702 0.696657 0.264473 0.0388702 0.696657 
257 0.266975 0.0426298 0.690395 0.266975 0.0426298 0.690395 
258 0.278482 0.0303828 0.691135 0.278482 0.0303828 0.691135 
259 0.286719 0.0445046 0.668777 0.286719 0.0445046 0.668777 
260 0.28105 0.0358233 0.683127 0.28105 0.0358233 0.683127 
261 0.270723 0.0428457 0.686431 0.270723 0.0428457 0.686431 
262 0.253511 0.0410381 0.705451 0.253511 0.0410381 0.705451 
263 0.281268 0.0293301 0.689402 0.281268 0.0293301 0.689402 
264 0.267216 0.0371795 0.695604 0.267216 0.0371795 0.695604 
265 0.291538 0.0290967 0.679365 0.291538 0.0290967 0.679365 
266 0.290786 0.0374641 0.67175 0.290786 0.0374641 0.67175 
267 0.301697 0.0337179 0.664585 0.301697 0.0337179 0.664585 
268 0.3027 0.0328549 0.664445 0.3027 0.0328549 0.664445 
269 0.299062 0.0318735 0.669065 0.299062 0.0318735 0.669065 
270 0.30167 0.0331528 0.665177 0.30167 0.0331528 0.665177 
271 0.286919 0.0353203 0.677761 0.286919 0.0353203 0.677761 
272 0.283379 0.0359903 0.68063 0.283379 0.0359903 0.68063 
273 0.301634 0.0322327 0.666133 0.301634 0.0322327 0.666133 
274 0.290188 0.0289325 0.680879 0.290188 0.0289325 0.680879 
275 0.286043 0.0346047 0.679352 0.286043 0.0346047 0.679352 
276 0.296327 0.0339909 0.669683 0.296327 0.0339909 0.669683 
277 0.288112 0.034082 0.677806 0.288112 0.034082 0.677806 
278 0.289026 0.0358723 0.675102 0.289026 0.0358723 0.675102 
279 0.281269 0.0329964 0.685735 0.281269 0.0329964 0.685735 
280 0.277448 0.0305056 0.692047 0.277448 0.0305056 0.692047 
281 0.300177 0.0315545 0.668269 0.300177 0.0315545 0.668269 
282 0.278521 0.0511655 0.670313 0.278521 0.0511655 0.670313 
283 0.289238 0.028532 0.68223 0.289238 0.028532 0.68223 
284 0.279655 0.0366745 0.68367 0.279655 0.0366745 0.68367 
285 0.283614 0.0352538 0.681132 0.283614 0.0352538 0.681132 
286 0.282496 0.0362176 0.681286 0.282496 0.0362176 0.681286 
287 0.270998 0.0259036 0.703098 0.270998 0.0259036 0.703098 
288 0.27416 0.023569 0.702271 0.27416 0.023569 0.702271 
289 0.266479 0.0246991 0.708822 0.266479 0.0246991 0.708822 
290 0.252824 0.0277911 0.719385 0.252824 0.0277911 0.719385 
291 0.259291 0.037449 0.70326 0.259291 0.037449 0.70326 
292 0.247738 0.0347472 0.717515 0.247738 0.0347472 0.717515 
293 0.247551 0.0342903 0.718159 0.247551 0.0342903 0.718159 
294 0.250468 0.0309693 0.718563 0.250468 0.0309693 0.718563 
295 0.247458 0.0365873 0.715954 0.247458 0.0365873 0.715954 
296 0.253349 0.0326965 0.713955 0.253349 0.0326965 0.713955 
297 0.245322 0.0364659 0.718212 0.245322 0.0364659 0.718212 
298 0.252881 0.0445498 0.702569 0.252881 0.0445498 0.702569 
299 0.253165 0.0390723 0.707762 0.253165 0.0390723 0.707762 
300 0.252905 0.0323719 0.714723 0.252905 0.0323719 0.714723 
301 0.249763 0.0384676 0.711769 0.249763 0.0384676 0.711769 
302 0.250559 0.0363039 0.713137 0.250559 0.0363039 0.713137 
303 0.273033 0.0302888 0.696679 0.273033 0.0302888 0.696679 
304 0.263195 0.0341232 0.702682 0.263195 0.0341232 0.702682 
305 0.25036 0.0354711 0.714169 0.25036 0.0354711 0.714169 
306 0.254006 0.0244287 0.721566 0.254006 0.0244287 0.721566 
307 0.263428 0.0338849 0.702687 0.263428 0.0338849 0.702687 
308 0.276462 0.0362676 0.68727 0.276462 0.0362676 0.68727 
309 0.262576 0.0373442 0.70008 0.262576 0.0373442 0.70008 
310 0.250515 0.0409142 0.708571 0.250515 0.0409142 0.708571 
311 0.276313 0.0324149 0.691272 0.276313 0.0324149 0.691272 
312 0.277869 0.0372061 0.684924 0.277869 0.0372061 0.684924 
313 0.254938 0.0292271 0.715835 0.254938 0.0292271 0.715835 
314 0.265534 0.0293897 0.705076 0.265534 0.0293897 0.705076 
315 0.259171 0.0458432 0.694985 0.259171 0.0458432 0.694985 
316 0.264186 0.0228318 0.712982 0.264186 0.0228318 0.712982 
317 0.267761 0.0287987 0.70344 0.267761 0.0287987 0.70344 
318 0.264077 0.0316466 0.704276 0.264077 0.0316466 0.704276 
319 0.271977 0.0328673 0.695156 0.271977 0.0328673 0.695156 
320 0.263048 0.0300695 0.706883 0.263048 0.0300695 0.706883 
321 0.264557 0.0259171 0.709526 0.264557 0.0259171 0.709526 
322 0.280327 0.0334119 0.686261 0.280327 0.0334119 0.686261 
323 0.274063 0.0353535 0.690583 0.274063 0.0353535 0.690583 
324 0.262399 0.0328203 0.70478 0.262399 0.0328203 0.70478 
325 0.259604 0.0269493 0.713446 0.259604 0.0269493 0.713446 
326 0.274382 0.0234248 0.702193 0.274382 0.0234248 0.702193 
327 0.276917 0.0270232 0.69606 0.276917 0.0270232 0.69606 
328 0.267668 0.0340784 0.698254 0.267668 0.0340784 0.698254 
329 0.26866 0.0428013 0.688539 0.26866 0.0428013 0.688539 
330 0.262158 0.039627 0.698215 0.262158 0.039627 0.698215 
331 0.269373 0.0408147 0.689812 0.269373 0.0408147 0.689812 
332 0.267772 0.0452492 0.686979 0.267772 0.0452492 0.686979 
333 0.261107 0.0489117 0.689981 0.261107 0.0489117 0.689981 
334 0.266465 0.0372868 0.696248 0.266465 0.0372868 0.696248 
335 0.279891 0.0391881 0.680921 0.279891 0.0391881 0.680921 
336 0.280172 0.0388235 0.681005 0.280172 0.0388235 0.681005 
337 0.286382 0.0416862 0.671932 0.286382 0.0416862 0.671932 
338 0.296967 0.0394526 0.663581 0.296967 0.0394526 0.663581 
339 0.271208 0.0329998 0.695792 0.271208 0.0329998 0.695792 
340 0.281755 0.0458874 0.672357 0.281755 0.0458874 0.672357 
341 0.281378 0.0354948 0.683127 0.281378 0.0354948 0.683127 
342 0.283793 0.0398958 0.676311 0.283793 0.0398958 0.676311 
343 0.278372 0.0398658 0.681763 0.278372 0.0398658 0.681763 
344 0.265676 0.0378884 0.696436 0.265676 0.0378884 0.696436 
345 0.264941 0.0438681 0.691191 0.264941 0.0438681 0.691191 
346 0.264056 0.0482073 0.687736 0.264056 0.0482073 0.687736 
347 0.278243 0.0402982 0.681459 0.278243 0.0402982 0.681459 
348 0.285472 0.0404255 0.674102 0.285472 0.0404255 0.674102 
349 0.2779 0.0492584 0.672841 0.2779 0.0492584 0.672841 
350 0.274458 0.045492 0.68005 0.274458 0.045492 0.68005 
351 0.291463 0.037398 0.671139 0.291463 0.037398 0.671139 
352 0.279378 0.0446988 0.675923 0.279378 0.0446988 0.675923 
353 0.2728 0.0407114 0.686489 0.2728 0.0407114 0.686489 
354 0.26703 0.0510258 0.681944 0.26703 0.0510258 0.681944 
355 0.274272 0.0465978 0.67913 0.274272 0.0465978 0.67913 
356 0.267857 0.0425798 0.689563 0.267857 0.0425798 0.689563 
357 0.283895 0.0385941 0.677511 0.283895 0.0385941 0.677511 
358 0.283518 0.0359223 0.680559 0.283518 0.0359223 0.680559 
359 0.284976 0.0294462 0.685578 0.284976 0.0294462 0.685578 
360 0.275545 0.0438153 0.68064 0.275545 0.0438153 0.68064 
361 0.282021 0.043628 0.674351 0.282021 0.043628 0.674351 
362 0.282564 0.0348615 0.682574 0.282564 0.0348615 0.682574 
363 0.283153 0.0363009 0.680546 0.283153 0.0363009 0.680546 
364 0.289244 0.0356453 0.675111 0.289244 0.0356453 0.675111 
365 0.288008 0.0489234 0.663069 0.288008 0.0489234 0.663069 
366 0.286309 0.0431816 0.670509 0.286309 0.0431816 0.670509 
367 0.285875 0.0420732 0.672052 0.285875 0.0420732 0.672052 
368 0.285179 0.0558136 0.659008 0.285179 0.0558136 0.659008 
369 0.279063 0.0499122 0.671025 0.279063 0.0499122 0.671025 
370 0.274109 0.0553945 0.670497 0.274109 0.0553945 0.670497 
371 0.269734 0.055719 0.674547 0.269734 0.055719 0.674547 
372 0.269642 0.0443702 0.685988 0.269642 0.0443702 0.685988 
373 0.282406 0.0533973 0.664196 0.282406 0.0533973 0.664196 
374 0.282164 0.0442308 0.673605 0.282164 0.0442308 0.673605 
375 0.290297 0.0432511 0.666452 0.290297 0.0432511 0.666452 
376 0.293302 0.0478594 0.658838 0.293302 0.0478594 0.658838 
377 0.275687 0.0457453 0.678568 0.275687 0.0457453 0.678568 
378 0.275939 0.0431102 0.68095 0.275939 0.0431102 0.68095 
379 0.273634 0.0452091 0.681157 0.273634 0.0452091 0.681157 
380 0.262784 0.0475607 0.689655 0.262784 0.0475607 0.689655 
381 0.278604 0.046521 0.674875 0.278604 0.046521 0.674875 
382 0.264994 0.0565632 0.678443 0.264994 0.0565632 0.678443 
383 0.271898 0.0561066 0.671995 0.271898 0.0561066 0.671995 
384 0.273317 0.0585132 0.66817 0.273317 0.0585132 0.66817 
385 0.289324 0.0564399 0.654237 0.289324 0.0564399 0.654237 
386 0.276982 0.0603855 0.662632 0.276982 0.0603855 0.662632 
387 0.27208 0.0661882 0.661732 0.27208 0.0661882 0.661732 
388 0.276472 0.0597846 0.663743 0.276472 0.0597846 0.663743 
389 0.290418 0.0501188 0.659463 0.290418 0.0501188 0.659463 
390 0.29669 0.0404592 0.662851 0.29669 0.0404592 0.662851 
391 0.294815 0.0432103 0.661975 0.294815 0.0432103 0.661975 
392 0.294439 0.0401273 0.665434 0.294439 0.0401273 0.665434 
393 0.297414 0.0414079 0.661178 0.297414 0.0414079 0.661178 
394 0.29215 0.0372671 0.670583 0.29215 0.0372671 0.670583 
395 0.279617 0.0521177 0.668265 0.279617 0.0521177 0.668265 
396 0.289406 0.0365796 0.674015 0.289406 0.0365796 0.674015 
397 0.301257 0.0416496 0.657093 0.301257 0.0416496 0.657093 
398 0.300741 0.0369222 0.662336 0.300741 0.0369222 0.662336 
399 0.295473 0.0343019 0.670226 0.295473 0.0343019 0.670226 
400 0.306916 0.0370094 0.656075 0.306916 0.0370094 0.656075 
401 0.303035 0.0495686 0.647396 0.303035 0.0495686 0.647396 
402 0.293519 0.038872 0.667609 0.293519 0.038872 0.667609 
403 0.283519 0.0342857 0.682196 0.283519 0.0342857 0.682196 
404 0.304962 0.0378824 0.657156 0.304962 0.0378824 0.657156 
405 0.297589 0.0418002 0.660611 0.297589 0.0418002 0.660611 
406 0.298559 0.049015 0.652426 0.298559 0.049015 0.652426 
407 0.307891 0.0393285 0.652781 0.307891 0.0393285 0.652781 
408 0.280221 0.0507177 0.669061 0.280221 0.0507177 0.669061 
409 0.294658 0.0373906 0.667951 0.294658 0.0373906 0.667951 
410 0.297968 0.0435044 0.658528 0.297968 0.0435044 0.658528 
411 0.31155 0.0383654 0.650084 0.31155 0.0383654 0.650084 
412 0.297522 0.0402773 0.6622 0.297522 0.0402773 0.6622 
413 0.308574 0.0357426 0.655684 0.308574 0.0357426 0.655684 
414 0.328538 0.0321035 0.639359 0.328538 0.0321035 0.639359 
415 0.326471 0.0342646 0.639264 0.326471 0.0342646 0.639264 
416 0.317472 0.0341214 0.648407 0.317472 0.0341214 0.648407 
417 0.319689 0.0287684 0.651542 0.319689 0.0287684 0.651542 
418 0.318447 0.033254 0.648299 0.318447 0.033254 0.648299 
419 0.30581 0.038699 0.655491 0.30581 0.038699 0.655491 
420 0.307782 0.0395883 0.65263 0.307782 0.0395883 0.65263 
421 0.297527 0.0416667 0.660806 0.297527 0.0416667 0.660806 
422 0.30096 0.0396193 0.65942 0.30096 0.0396193 0.65942 
423 0.307282 0.0428797 0.649838 0.307282 0.0428797 0.649838 
424 0.315997 0.0425065 0.641496 0.315997 0.0425065 0.641496 
425 0.309399 0.0402546 0.650347 0.309399 0.0402546 0.650347 
426 0.314487 0.0397647 0.645748 0.314487 0.0397647 0.645748 
427 0.307904 0.0400319 0.652064 0.307904 0.0400319 0.652064 
428 0.30939 0.0382748 0.652336 0.30939 0.0382748 0.652336 
429 0.316415 0.0320635 0.651521 0.316415 0.0320635 0.651521 
430 0.323455 0.0366186 0.639927 0.323455 0.0366186 0.639927 
431 0.303978 0.0398431 0.656179 0.303978 0.0398431 0.656179 
432 0.308962 0.0482573 0.64278 0.308962 0.0482573 0.64278 
433 0.298139 0.0426059 0.659255 0.298139 0.0426059 0.659255 
434 0.281799 0.0409501 0.677251 0.281799 0.0409501 0.677251 
435 0.298464 0.0276984 0.673838 0.298464 0.0276984 0.673838 
436 0.295765 0.0453769 0.658858 0.295765 0.0453769 0.658858 
437 0.311702 0.0324665 0.655831 0.311702 0.0324665 0.655831 
438 0.299141 0.0391509 0.661708 0.299141 0.0391509 0.661708 
439 0.28627 0.0326146 0.681115 0.28627 0.0326146 0.681115 
440 0.282137 0.0428571 0.675006 0.282137 0.0428571 0.675006 
441 0.273099 0.0275428 0.699359 0.273099 0.0275428 0.699359 
442 0.284581 0.0348631 0.680556 0.284581 0.0348631 0.680556 
443 0.289858 0.0395181 0.670624 0.289858 0.0395181 0.670624 
444 0.280906 0.0359266 0.683167 0.280906 0.0359266 0.683167 
445 0.284765 0.0362314 0.679003 0.284765 0.0362314 0.679003 
446 0.27756 0.0381066 0.684333 0.27756 0.0381066 0.684333 
447 0.292327 0.0371925 0.670481 0.292327 0.0371925 0.670481 
448 0.312961 0.0324657 0.654573 0.312961 0.0324657 0.654573 
449 0.302316 0.0470458 0.650639 0.302316 0.0470458 0.650639 
450 0.309174 0.044845 0.645981 0.309174 0.044845 0.645981 
451 0.310002 0.0359788 0.654019 0.310002 0.0359788 0.654019 
452 0.31094 0.0297814 0.659278 0.31094 0.0297814 0.659278 
453 0.307734 0.0366768 0.655589 0.307734 0.0366768 0.655589 
454 0.301273 0.0324483 0.666278 0.301273 0.0324483 0.666278 
455 0.308333 0.0310732 0.660594 0.308333 0.0310732 0.660594 
456 0.322125 0.0335243 0.644351 0.322125 0.0335243 0.644351 
457 0.319608 0.0309411 0.649451 0.319608 0.0309411 0.649451 
458 0.321502 0.0379489 0.640549 0.321502 0.0379489 0.640549 
459 0.305229 0.0418886 0.652883 0.305229 0.0418886 0.652883 
460 0.300568 0.0283214 0.67111 0.300568 0.0283214 0.67111 
461 0.312619 0.0379762 0.649405 0.312619 0.0379762 0.649405 
462 0.314985 0.0327651 0.65225 0.314985 0.0327651 0.65225 
463 0.299708 0.0387019 0.66159 0.299708 0.0387019 0.66159 
464 0.289399 0.0418594 0.668741 0.289399 0.0418594 0.668741 
465 0.302203 0.0350127 0.662785 0.302203 0.0350127 0.662785 
466 0.312424 0.0383777 0.649199 0.312424 0.0383777 0.649199 
467 0.313211 0.0477992 0.63899 0.313211 0.0477992 0.63899 
468 0.323855 0.0392998 0.636846 0.323855 0.0392998 0.636846 
469 0.300011 0.0408521 0.659136 0.300011 0.0408521 0.659136 
470 0.306205 0.0435504 0.650244 0.306205 0.0435504 0.650244 
471 0.308575 0.0423173 0.649108 0.308575 0.0423173 0.649108 
472 0.304087 0.0481799 0.647734 0.304087 0.0481799 0.647734 
473 0.305067 0.0418392 0.653094 0.305067 0.0418392 0.653094 
474 0.303427 0.0371677 0.659405 0.303427 0.0371677 0.659405 
475 0.293738 0.0349585 0.671304 0.293738 0.0349585 0.671304 
476 0.303639 0.0452718 0.651089 0.303639 0.0452718 0.651089 
477 0.300203 0.0357594 0.664037 0.300203 0.0357594 0.664037 
478 0.294116 0.0494192 0.656465 0.294116 0.0494192 0.656465 
479 0.298488 0.0440533 0.657459 0.298488 0.0440533 0.657459 
480 0.299286 0.0495125 0.651202 0.299286 0.0495125 0.651202 
481 0.30116 0.0444501 0.65439 0.30116 0.0444501 0.65439 
482 0.293284 0.0425314 0.664185 0.293284 0.0425314 0.664185 
483 0.308308 0.0493365 0.642355 0.308308 0.0493365 0.642355 
484 0.281473 0.0495872 0.66894 0.281473 0.0495872 0.66894 
485 0.285397 0.0573598 0.657243 0.285397 0.0573598 0.657243 
486 0.309824 0.0491202 0.641055 0.309824 0.0491202 0.641055 
487 0.319871 0.043606 0.636523 0.319871 0.043606 0.636523 
488 0.299614 0.0472949 0.653091 0.299614 0.0472949 0.653091 
489 0.305005 0.0463183 0.648677 0.305005 0.0463183 0.648677 
490 0.309821 0.0550314 0.635147 0.309821 0.0550314 0.635147 
491 0.319703 0.0440784 0.636218 0.319703 0.0440784 0.636218 
492 0.314683 0.0484458 0.636872 0.314683 0.0484458 0.636872 
493 0.30691 0.0460244 0.647065 0.30691 0.0460244 0.647065 
494 0.308336 0.0486885 0.642975 0.308336 0.0486885 0.642975 
495 0.309817 0.0436809 0.646502 0.309817 0.0436809 0.646502 
496 0.312825 0.0431248 0.64405 0.312825 0.0431248 0.64405 
497 0.3229 0.0489594 0.628141 0.3229 0.0489594 0.628141 
498 0.317356 0.0439048 0.638739 0.317356 0.0439048 0.638739 
499 0.32127 0.0391156 0.639615 0.32127 0.0391156 0.639615 
500 0.320408 0.0505409 0.629051 0.320408 0.0505409 0.629051 
501 0.321339 0.0516655 0.626995 0.321339 0.0516655 0.626995 
502 0.31309 0.0464342 0.640476 0.31309 0.0464342 0.640476 
503 0.318295 0.0385108 0.643194 0.318295 0.0385108 0.643194 
504 0.315903 0.0369385 0.647159 0.315903 0.0369385 0.647159 
505 0.304288 0.0475739 0.648138 0.304288 0.0475739 0.648138 
506 0.311149 0.0353081 0.653543 0.311149 0.0353081 0.653543 
507 0.293866 0.0394006 0.666734 0.293866 0.0394006 0.666734 
508 0.296493 0.0485614 0.654946 0.296493 0.0485614 0.654946 
509 0.297805 0.0543792 0.647816 0.297805 0.0543792 0.647816 
510 0.316251 0.0492138 0.634535 0.316251 0.0492138 0.634535 
511 0.298556 0.0545194 0.646925 0.298556 0.0545194 0.646925 
512 0.317455 0.0553571 0.627188 0.317455 0.0553571 0.627188 
513 0.316109 0.0501407 0.63375 0.316109 0.0501407 0.63375 
514 0.298622 0.0469916 0.654387 0.298622 0.0469916 0.654387 
515 0.292863 0.0429969 0.66414 0.292863 0.0429969 0.66414 
516 0.291337 0.0543707 0.654292 0.291337 0.0543707 0.654292 
517 0.294014 0.0490791 0.656907 0.294014 0.0490791 0.656907 
518 0.286283 0.0471913 0.666526 0.286283 0.0471913 0.666526 
519 0.299064 0.0520896 0.648846 0.299064 0.0520896 0.648846 
520 0.300439 0.0465608 0.653 0.300439 0.0465608 0.653 
521 0.297353 0.0474041 0.655243 0.297353 0.0474041 0.655243 
522 0.297443 0.0466871 0.65587 0.297443 0.0466871 0.65587 
523 0.301354 0.0461295 0.652516 0.301354 0.0461295 0.652516 
524 0.303205 0.0471338 0.649661 0.303205 0.0471338 0.649661 
525 0.299376 0.0289909 0.671633 0.299376 0.0289909 0.671633 
526 0.31091 0.0415381 0.647552 0.31091 0.0415381 0.647552 
527 0.302275 0.0511877 0.646537 0.302275 0.0511877 0.646537 
528 0.322164 0.0479351 0.629901 0.322164 0.0479351 0.629901 
529 0.30042 0.0426667 0.656913 0.30042 0.0426667 0.656913 
530 0.30022 0.0476631 0.652116 0.30022 0.0476631 0.652116 
531 0.299045 0.0412624 0.659692 0.299045 0.0412624 0.659692 
532 0.290288 0.0616445 0.648068 0.290288 0.0616445 0.648068 
533 0.303868 0.0518593 0.644272 0.303868 0.0518593 0.644272 
534 0.291473 0.0559136 0.652614 0.291473 0.0559136 0.652614 
535 0.299769 0.0666556 0.633576 0.299769 0.0666556 0.633576 
536 0.291748 0.0658674 0.642384 0.291748 0.0658674 0.642384 
537 0.29889 0.0542125 0.646898 0.29889 0.0542125 0.646898 
538 0.312332 0.0490509 0.638617 0.312332 0.0490509 0.638617 
539 0.321003 0.051813 0.627184 0.321003 0.051813 0.627184 
540 0.322699 0.047387 0.629914 0.322699 0.047387 0.629914 
541 0.329534 0.0543715 0.616095 0.329534 0.0543715 0.616095 
542 0.314807 0.0507604 0.634432 0.314807 0.0507604 0.634432 
543 0.310286 0.0535269 0.636187 0.310286 0.0535269 0.636187 
544 0.303959 0.0553697 0.640671 0.303959 0.0553697 0.640671 
545 0.313915 0.0521002 0.633985 0.313915 0.0521002 0.633985 
546 0.316556 0.054046 0.629398 0.316556 0.054046 0.629398 
547 0.311369 0.0517676 0.636863 0.311369 0.0517676 0.636863 
548 0.32253 0.0514452 0.626024 0.32253 0.0514452 0.626024 
549 0.303658 0.0602898 0.636052 0.303658 0.0602898 0.636052 
550 0.305552 0.0527206 0.641728 0.305552 0.0527206 0.641728 
551 0.305371 0.0536664 0.640962 0.305371 0.0536664 0.640962 
552 0.303227 0.0528067 0.643966 0.303227 0.0528067 0.643966 
553 0.298045 0.0617591 0.640196 0.298045 0.0617591 0.640196 
554 0.298491 0.0574782 0.644031 0.298491 0.0574782 0.644031 
555 0.299007 0.0537012 0.647292 0.299007 0.0537012 0.647292 
556 0.301767 0.0443769 0.653856 0.301767 0.0443769 0.653856 
557 0.293034 0.0408518 0.666114 0.293034 0.0408518 0.666114 
558 0.299055 0.0413593 0.659585 0.299055 0.0413593 0.659585 
559 0.297652 0.0534939 0.648854 0.297652 0.0534939 0.648854 
560 0.300642 0.047536 0.651822 0.300642 0.047536 0.651822 
561 0.306334 0.0376523 0.656013 0.306334 0.0376523 0.656013 
562 0.292936 0.0414252 0.665639 0.292936 0.0414252 0.665639 
563 0.293377 0.0499609 0.656662 0.293377 0.0499609 0.656662 
564 0.296654 0.053117 0.650229 0.296654 0.053117 0.650229 
565 0.299172 0.0444218 0.656406 0.299172 0.0444218 0.656406 
566 0.309289 0.0454728 0.645238 0.309289 0.0454728 0.645238 
567 0.307384 0.0460099 0.646606 0.307384 0.0460099 0.646606 
568 0.303819 0.0466083 0.649573 0.303819 0.0466083 0.649573 
569 0.295755 0.0501909 0.654054 0.295755 0.0501909 0.654054 
570 0.297977 0.0445846 0.657438 0.297977 0.0445846 0.657438 
571 0.298343 0.045617 0.65604 0.298343 0.045617 0.65604 
572 0.27763 0.0491837 0.673186 0.27763 0.0491837 0.673186 
573 0.285642 0.0561169 0.658241 0.285642 0.0561169 0.658241 
574 0.280292 0.0523255 0.667383 0.280292 0.0523255 0.667383 
575 0.281925 0.049061 0.669014 0.281925 0.049061 0.669014 
576 0.272508 0.0485536 0.678939 0.272508 0.0485536 0.678939 
577 0.278743 0.0462648 0.674992 0.278743 0.0462648 0.674992 
578 0.267445 0.0467615 0.685793 0.267445 0.0467615 0.685793 
579 0.291526 0.0511104 0.657364 0.291526 0.0511104 0.657364 
580 0.27974 0.0550099 0.66525 0.27974 0.0550099 0.66525 
581 0.280543 0.0412941 0.678162 0.280543 0.0412941 0.678162 
582 0.298595 0.044017 0.657388 0.298595 0.044017 0.657388 
583 0.293579 0.0443618 0.662059 0.293579 0.0443618 0.662059 
584 0.28245 0.053605 0.663945 0.28245 0.053605 0.663945 
585 0.289964 0.0463807 0.663655 0.289964 0.0463807 0.663655 
586 0.291418 0.0470078 0.661574 0.291418 0.0470078 0.661574 
587 0.272429 0.0465621 0.681009 0.272429 0.0465621 0.681009 
588 0.280351 0.0305288 0.68912 0.280351 0.0305288 0.68912 
589 0.291882 0.035944 0.672174 0.291882 0.035944 0.672174 
590 0.275028 0.0330539 0.691918 0.275028 0.0330539 0.691918 
591 0.278094 0.0399705 0.681935 0.278094 0.0399705 0.681935 
592 0.28625 0.0371808 0.67657 0.28625 0.0371808 0.67657 
593 0.285169 0.0342234 0.680607 0.285169 0.0342234 0.680607 
594 0.2968 0.0412883 0.661912 0.2968 0.0412883 0.661912 
595 0.298238 0.0416612 0.660101 0.298238 0.0416612 0.660101 
596 0.291266 0.045332 0.663402 0.291266 0.045332 0.663402 
597 0.293404 0.0393164 0.66728 0.293404 0.0393164 0.66728 
598 0.281617 0.0397273 0.678655 0.281617 0.0397273 0.678655 
599 0.282307 0.0344898 0.683203 0.282307 0.0344898 0.683203 
600 0.283545 0.0354167 0.681038 0.283545 0.0354167 0.681038 
601 0.278826 0.0292765 0.691898 0.278826 0.0292765 0.691898 
602 0.287973 0.0407655 0.671262 0.287973 0.0407655 0.671262 
603 0.284867 0.0467938 0.668339 0.284867 0.0467938 0.668339 
604 0.282382 0.0492401 0.668378 0.282382 0.0492401 0.668378 
605 0.291509 0.0490341 0.659456 0.291509 0.0490341 0.659456 
606 0.296315 0.0492729 0.654412 0.296315 0.0492729 0.654412 
607 0.297059 0.0410532 0.661888 0.297059 0.0410532 0.661888 
608 0.28787 0.0430433 0.669087 0.28787 0.0430433 0.669087 
609 0.280507 0.041063 0.67843 0.280507 0.041063 0.67843 
610 0.282688 0.0270917 0.69022 0.282688 0.0270917 0.69022 
611 0.269813 0.0448272 0.68536 0.269813 0.0448272 0.68536 
612 0.277189 0.0471169 0.675694 0.277189 0.0471169 0.675694 
613 0.285534 0.0474294 0.667037 0.285534 0.0474294 0.667037 
614 0.294657 0.0488319 0.656511 0.294657 0.0488319 0.656511 
615 0.290419 0.0379297 0.671651 0.290419 0.0379297 0.671651 
616 0.291183 0.039428 0.669389 0.291183 0.039428 0.669389 
617 0.294112 0.0381961 0.667692 0.294112 0.0381961 0.667692 
618 0.291831 0.0409055 0.667263 0.291831 0.0409055 0.667263 
619 0.289216 0.0371204 0.673664 0.289216 0.0371204 0.673664 
620 0.277542 0.0395518 0.682906 0.277542 0.0395518 0.682906 
621 0.283841 0.0417004 0.674459 0.283841 0.0417004 0.674459 
622 0.291799 0.0381396 0.670061 0.291799 0.0381396 0.670061 
623 0.294376 0.0404909 0.665133 0.294376 0.0404909 0.665133 
624 0.281473 0.0391826 0.679345 0.281473 0.0391826 0.679345 
625 0.26746 0.05116 0.68138 0.26746 0.05116 0.68138 
626 0.282198 0.0455039 0.672298 0.282198 0.0455039 0.672298 
627 0.274931 0.0408075 0.684262 0.274931 0.0408075 0.684262 
628 0.281476 0.0401779 0.678346 0.281476 0.0401779 0.678346 
629 0.278594 0.0404368 0.680969 0.278594 0.0404368 0.680969 
630 0.279854 0.0465819 0.673564 0.279854 0.0465819 0.673564 
631 0.28117 0.0441985 0.674631 0.28117 0.0441985 0.674631 
632 0.276566 0.043769 0.679665 0.276566 0.043769 0.679665 
633 0.289891 0.048172 0.661937 0.289891 0.048172 0.661937 
634 0.291846 0.0441824 0.663971 0.291846 0.0441824 0.663971 
635 0.292124 0.051324 0.656552 0.292124 0.051324 0.656552 
636 0.297986 0.0377096 0.664304 0.297986 0.0377096 0.664304 
637 0.314352 0.0452473 0.6404 0.314352 0.0452473 0.6404 
638 0.28682 0.0510795 0.6621 0.28682 0.0510795 0.6621 
639 0.30176 0.0450308 0.653209 0.30176 0.0450308 0.653209 
640 0.305582 0.053781 0.640638 0.305582 0.053781 0.640638 
641 0.29941 0.049124 0.651466 0.29941 0.049124 0.651466 
642 0.306847 0.0398315 0.653322 0.306847 0.0398315 0.653322 
643 0.300444 0.039861 0.659695 0.300444 0.039861 0.659695 
644 0.290711 0.0546994 0.65459 0.290711 0.0546994 0.65459 
645 0.287431 0.0519803 0.660588 0.287431 0.0519803 0.660588 
646 0.294647 0.0423668 0.662986 0.294647 0.0423668 0.662986 
647 0.292209 0.038755 0.669036 0.292209 0.038755 0.669036 
648 0.283733 0.0428853 0.673382 0.283733 0.0428853 0.673382 
649 0.304584 0.0374924 0.657923 0.304584 0.0374924 0.657923 
650 0.290946 0.0542254 0.654829 0.290946 0.0542254 0.654829 
651 0.290031 0.0412527 0.668716 0.290031 0.0412527 0.668716 
652 0.306355 0.0386034 0.655042 0.306355 0.0386034 0.655042 
653 0.311225 0.0470743 0.6417 0.311225 0.0470743 0.6417 
654 0.309117 0.051331 0.639552 0.309117 0.051331 0.639552 
655 0.318648 0.0430419 0.63831 0.318648 0.0430419 0.63831 
656 0.321282 0.0444538 0.634264 0.321282 0.0444538 0.634264 
657 0.308444 0.040175 0.651381 0.308444 0.040175 0.651381 
658 0.307408 0.0442588 0.648333 0.307408 0.0442588 0.648333 
659 0.296584 0.0545265 0.648889 0.296584 0.0545265 0.648889 
660 0.294072 0.0495238 0.656404 0.294072 0.0495238 0.656404 
661 0.30164 0.055745 0.642615 0.30164 0.055745 0.642615 
662 0.301156 0.0469558 0.651888 0.301156 0.0469558 0.651888 
