#t all sampled fraction of dominance, coordination, coexistence sur_sampled fraction of dominance coordination coexistence
0 nan nan nan nan nan nan 
1 0.446429 0.107143 0.446429 0.454545 0.109091 0.436364 
2 0.375661 0.037037 0.587302 0.38172 0.0376344 0.580645 
3 0.329268 0.0121951 0.658537 0.333333 0.0123457 0.654321 
4 0.304094 0.0350877 0.660819 0.306785 0.0353982 0.657817 
5 0.280702 0.0225564 0.696742 0.284987 0.0229008 0.692112 
6 0.328859 0.00671141 0.66443 0.333333 0.00680272 0.659864 
7 0.300207 0.0144928 0.6853 0.302083 0.0145833 0.683333 
8 0.300578 0.0134875 0.685934 0.302326 0.0135659 0.684109 
9 0.312391 0.0069808 0.680628 0.310406 0.00705467 0.68254 
10 0.306833 0.00266667 0.6905 0.308375 0.00268007 0.688945 
11 0.300159 0.0287302 0.671111 0.301595 0.0288676 0.669537 
12 0.296875 0.0127976 0.690327 0.29955 0.0129129 0.687538 
13 0.327686 0.0173554 0.654959 0.330417 0.0175 0.652083 
14 0.323848 0.00677507 0.669377 0.326503 0.0068306 0.666667 
15 0.331395 0.0129199 0.655685 0.333984 0.0130208 0.652995 
16 0.292892 0.0232843 0.683824 0.296159 0.023544 0.680297 
17 0.301394 0.0139373 0.684669 0.301056 0.0140845 0.684859 
18 0.291784 0.0160798 0.692136 0.29134 0.0162515 0.692408 
19 0.288927 0.0125571 0.698516 0.288466 0.0126874 0.698847 
20 0.286932 0.00885936 0.704208 0.288852 0.00891862 0.70223 
21 0.275497 0.0175497 0.706954 0.277333 0.0176667 0.705 
22 0.307516 0.0143791 0.678105 0.309539 0.0144737 0.675987 
23 0.311429 0.022328 0.666243 0.313419 0.0224707 0.664111 
24 0.297917 0.0109375 0.691146 0.29979 0.0110063 0.689203 
25 0.289776 0.00830671 0.701917 0.29164 0.00836013 0.7 
26 0.288419 0.0192346 0.692346 0.290172 0.0193516 0.690476 
27 0.289704 0.00764526 0.70265 0.291487 0.00769231 0.700821 
28 0.284189 0.00684794 0.708963 0.286789 0.00691057 0.706301 
29 0.295337 0.0104167 0.694246 0.297998 0.0105105 0.691491 
30 0.277332 0.0212754 0.701392 0.278964 0.0214006 0.699636 
31 0.270651 0.0116618 0.717687 0.271442 0.0116959 0.716862 
32 0.267148 0.016474 0.716378 0.267923 0.0165217 0.715556 
33 0.285835 0.0153991 0.698766 0.286642 0.0154426 0.697915 
34 0.288593 0.0222841 0.689123 0.289399 0.0223464 0.688255 
35 0.291043 0.021422 0.687535 0.291852 0.0214815 0.686667 
36 0.27507 0.0196078 0.705322 0.275843 0.0196629 0.704494 
37 0.27662 0.0178404 0.70554 0.277401 0.0178908 0.704708 
38 0.262963 0.0242593 0.712778 0.263695 0.0243268 0.711978 
39 0.271228 0.0189542 0.709817 0.27199 0.0190075 0.709002 
40 0.273973 0.0258447 0.700183 0.274725 0.0259158 0.699359 
41 0.280913 0.00894977 0.710137 0.281685 0.00897436 0.709341 
42 0.273886 0.0202317 0.705882 0.27267 0.0203405 0.706989 
43 0.273156 0.0232 0.703644 0.271939 0.0233244 0.704736 
44 0.286372 0.0294271 0.684201 0.287119 0.0295039 0.683377 
45 0.276781 0.0293755 0.693843 0.277513 0.0294533 0.693034 
46 0.273083 0.030365 0.696552 0.273083 0.030365 0.696552 
47 0.287879 0.0273593 0.684762 0.287879 0.0273593 0.684762 
48 0.289685 0.0223359 0.68798 0.289685 0.0223359 0.68798 
49 0.275443 0.0158689 0.708689 0.275443 0.0158689 0.708689 
50 0.30639 0.0154854 0.678125 0.30639 0.0154854 0.678125 
51 0.298495 0.0142795 0.687226 0.298495 0.0142795 0.687226 
52 0.284391 0.0215832 0.694026 0.284391 0.0215832 0.694026 
53 0.280818 0.0232249 0.695957 0.280818 0.0232249 0.695957 
54 0.284115 0.0199735 0.695911 0.284115 0.0199735 0.695911 
55 0.283822 0.0209454 0.695232 0.283822 0.0209454 0.695232 
56 0.285113 0.0262955 0.688591 0.285113 0.0262955 0.688591 
57 0.296898 0.0241071 0.678995 0.296898 0.0241071 0.678995 
58 0.295301 0.0206863 0.684013 0.295301 0.0206863 0.684013 
59 0.288631 0.027685 0.683684 0.288631 0.027685 0.683684 
60 0.302724 0.0294992 0.667777 0.302724 0.0294992 0.667777 
61 0.302902 0.0305409 0.666557 0.302902 0.0305409 0.666557 
62 0.293176 0.0242399 0.682584 0.293176 0.0242399 0.682584 
63 0.296611 0.0328571 0.670532 0.296611 0.0328571 0.670532 
64 0.29474 0.0312861 0.673974 0.29474 0.0312861 0.673974 
65 0.304022 0.0322577 0.66372 0.304022 0.0322577 0.66372 
66 0.30794 0.0267183 0.665341 0.30794 0.0267183 0.665341 
67 0.302605 0.0295798 0.667815 0.302605 0.0295798 0.667815 
68 0.295478 0.0205243 0.683997 0.295478 0.0205243 0.683997 
69 0.308466 0.0242284 0.667306 0.308466 0.0242284 0.667306 
70 0.298493 0.0242246 0.677283 0.298493 0.0242246 0.677283 
71 0.309438 0.0281952 0.662367 0.309438 0.0281952 0.662367 
72 0.320417 0.0258213 0.653761 0.320417 0.0258213 0.653761 
73 0.315438 0.0201788 0.664383 0.315438 0.0201788 0.664383 
74 0.318022 0.0165317 0.665446 0.318022 0.0165317 0.665446 
75 0.294927 0.0222095 0.682864 0.294927 0.0222095 0.682864 
76 0.31204 0.0247403 0.66322 0.31204 0.0247403 0.66322 
77 0.31007 0.0375348 0.652395 0.31007 0.0375348 0.652395 
78 0.317478 0.0358487 0.646673 0.317478 0.0358487 0.646673 
79 0.313159 0.030963 0.655878 0.313159 0.030963 0.655878 
80 0.325463 0.0266318 0.647906 0.325463 0.0266318 0.647906 
81 0.314716 0.0289541 0.65633 0.314716 0.0289541 0.65633 
82 0.318779 0.028827 0.652393 0.318779 0.028827 0.652393 
83 0.320257 0.0318698 0.647874 0.320257 0.0318698 0.647874 
84 0.303852 0.0245873 0.671561 0.303852 0.0245873 0.671561 
85 0.308247 0.0273783 0.664375 0.308247 0.0273783 0.664375 
86 0.311492 0.0290727 0.659435 0.311492 0.0290727 0.659435 
87 0.307891 0.0294107 0.662698 0.307891 0.0294107 0.662698 
88 0.309102 0.0250211 0.665877 0.309102 0.0250211 0.665877 
89 0.309524 0.0353741 0.655102 0.309524 0.0353741 0.655102 
90 0.31723 0.0287031 0.654067 0.31723 0.0287031 0.654067 
91 0.309561 0.024887 0.665552 0.309561 0.024887 0.665552 
92 0.313182 0.0279487 0.65887 0.313182 0.0279487 0.65887 
93 0.297279 0.0267038 0.676017 0.297279 0.0267038 0.676017 
94 0.308613 0.0265768 0.66481 0.308613 0.0265768 0.66481 
95 0.301138 0.0326835 0.666178 0.301138 0.0326835 0.666178 
96 0.300342 0.0276727 0.671986 0.300342 0.0276727 0.671986 
97 0.297366 0.0321033 0.670531 0.297366 0.0321033 0.670531 
98 0.294462 0.0328476 0.67269 0.294462 0.0328476 0.67269 
99 0.306114 0.0277987 0.666087 0.306114 0.0277987 0.666087 
100 0.311811 0.0242211 0.663968 0.311811 0.0242211 0.663968 
101 0.30265 0.0299673 0.667383 0.30265 0.0299673 0.667383 
102 0.305304 0.0327908 0.661905 0.305304 0.0327908 0.661905 
103 0.311037 0.0271158 0.661848 0.311037 0.0271158 0.661848 
104 0.311109 0.025188 0.663703 0.311109 0.025188 0.663703 
105 0.315407 0.0311698 0.653423 0.315407 0.0311698 0.653423 
106 0.304779 0.0295731 0.665648 0.304779 0.0295731 0.665648 
107 0.311764 0.0287054 0.659531 0.311764 0.0287054 0.659531 
108 0.311109 0.0274462 0.661444 0.311109 0.0274462 0.661444 
109 0.306512 0.0341339 0.659354 0.306512 0.0341339 0.659354 
110 0.3129 0.0352558 0.651844 0.3129 0.0352558 0.651844 
111 0.316308 0.0310984 0.652594 0.316308 0.0310984 0.652594 
112 0.308456 0.0359937 0.655551 0.308456 0.0359937 0.655551 
113 0.304212 0.0393694 0.656419 0.304212 0.0393694 0.656419 
114 0.306661 0.0359817 0.657357 0.306661 0.0359817 0.657357 
115 0.320618 0.0338551 0.645527 0.320618 0.0338551 0.645527 
116 0.31179 0.0314467 0.656763 0.31179 0.0314467 0.656763 
117 0.30665 0.0385605 0.654789 0.30665 0.0385605 0.654789 
118 0.306224 0.040353 0.653423 0.306224 0.040353 0.653423 
119 0.304604 0.0472307 0.648166 0.304604 0.0472307 0.648166 
120 0.312347 0.0428215 0.644831 0.312347 0.0428215 0.644831 
121 0.318129 0.0396842 0.642187 0.318129 0.0396842 0.642187 
122 0.325488 0.0386604 0.635851 0.325488 0.0386604 0.635851 
123 0.326649 0.0449373 0.628413 0.326649 0.0449373 0.628413 
124 0.331037 0.0397607 0.629202 0.331037 0.0397607 0.629202 
125 0.320251 0.0428317 0.636918 0.320251 0.0428317 0.636918 
126 0.326396 0.0405967 0.633007 0.326396 0.0405967 0.633007 
127 0.330171 0.0378465 0.631983 0.330171 0.0378465 0.631983 
128 0.334334 0.0368264 0.628839 0.334334 0.0368264 0.628839 
129 0.325068 0.0368569 0.638075 0.325068 0.0368569 0.638075 
130 0.331268 0.0319649 0.636767 0.331268 0.0319649 0.636767 
131 0.327803 0.0363853 0.635812 0.327803 0.0363853 0.635812 
132 0.334247 0.0371412 0.628612 0.334247 0.0371412 0.628612 
133 0.333419 0.0345971 0.631984 0.333419 0.0345971 0.631984 
134 0.338724 0.0346684 0.626607 0.338724 0.0346684 0.626607 
135 0.347749 0.0360867 0.616165 0.347749 0.0360867 0.616165 
136 0.340422 0.0366559 0.622922 0.340422 0.0366559 0.622922 
137 0.334483 0.0408688 0.624649 0.334483 0.0408688 0.624649 
138 0.33721 0.0462597 0.61653 0.33721 0.0462597 0.61653 
139 0.343057 0.0380352 0.618908 0.343057 0.0380352 0.618908 
140 0.33828 0.0386188 0.623101 0.33828 0.0386188 0.623101 
141 0.327701 0.039204 0.633095 0.327701 0.039204 0.633095 
142 0.322839 0.0411531 0.636008 0.322839 0.0411531 0.636008 
143 0.317927 0.0487295 0.633343 0.317927 0.0487295 0.633343 
144 0.31618 0.0490346 0.634786 0.31618 0.0490346 0.634786 
145 0.317385 0.0467006 0.635914 0.317385 0.0467006 0.635914 
146 0.31754 0.0489401 0.63352 0.31754 0.0489401 0.63352 
147 0.323413 0.0436558 0.632932 0.323413 0.0436558 0.632932 
148 0.325922 0.0402528 0.633825 0.325922 0.0402528 0.633825 
149 0.321784 0.0447566 0.63346 0.321784 0.0447566 0.63346 
150 0.325152 0.04576 0.629088 0.325152 0.04576 0.629088 
151 0.330154 0.0381289 0.631717 0.330154 0.0381289 0.631717 
152 0.336635 0.0412255 0.62214 0.336635 0.0412255 0.62214 
153 0.332359 0.0442418 0.623399 0.332359 0.0442418 0.623399 
154 0.334882 0.0474767 0.617641 0.334882 0.0474767 0.617641 
155 0.335867 0.0459506 0.618183 0.335867 0.0459506 0.618183 
156 0.335153 0.0453675 0.619479 0.335153 0.0453675 0.619479 
157 0.352229 0.0398211 0.60795 0.352229 0.0398211 0.60795 
158 0.338802 0.0405211 0.620677 0.338802 0.0405211 0.620677 
159 0.335892 0.0385967 0.625511 0.335892 0.0385967 0.625511 
160 0.340504 0.0352149 0.624281 0.340504 0.0352149 0.624281 
161 0.325846 0.0416509 0.632503 0.325846 0.0416509 0.632503 
162 0.32608 0.0394675 0.634452 0.32608 0.0394675 0.634452 
163 0.324688 0.0395727 0.635739 0.324688 0.0395727 0.635739 
164 0.330594 0.0415249 0.627881 0.330594 0.0415249 0.627881 
165 0.333325 0.04208 0.624595 0.333325 0.04208 0.624595 
166 0.33288 0.0446756 0.622445 0.33288 0.0446756 0.622445 
167 0.328801 0.0453308 0.625868 0.328801 0.0453308 0.625868 
168 0.329973 0.0472314 0.622795 0.329973 0.0472314 0.622795 
169 0.326272 0.0447904 0.628937 0.326272 0.0447904 0.628937 
170 0.315076 0.0512414 0.633683 0.315076 0.0512414 0.633683 
171 0.322598 0.0527368 0.624665 0.322598 0.0527368 0.624665 
172 0.330728 0.0477705 0.621501 0.330728 0.0477705 0.621501 
173 0.322369 0.04735 0.630281 0.322369 0.04735 0.630281 
174 0.322726 0.0505424 0.626731 0.322726 0.0505424 0.626731 
175 0.330786 0.0463406 0.622873 0.330786 0.0463406 0.622873 
176 0.324121 0.0502371 0.625642 0.324121 0.0502371 0.625642 
177 0.327539 0.0505742 0.621887 0.327539 0.0505742 0.621887 
178 0.315475 0.0576867 0.626839 0.315475 0.0576867 0.626839 
179 0.310972 0.0549691 0.634059 0.310972 0.0549691 0.634059 
180 0.311527 0.0545999 0.633873 0.311527 0.0545999 0.633873 
181 0.324221 0.0550558 0.620723 0.324221 0.0550558 0.620723 
182 0.318313 0.0557769 0.62591 0.318313 0.0557769 0.62591 
183 0.316977 0.0535147 0.629508 0.316977 0.0535147 0.629508 
184 0.31696 0.0571119 0.625928 0.31696 0.0571119 0.625928 
185 0.322945 0.0513442 0.625711 0.322945 0.0513442 0.625711 
186 0.316629 0.047227 0.636144 0.316629 0.047227 0.636144 
187 0.31921 0.0487921 0.631998 0.31921 0.0487921 0.631998 
188 0.322425 0.0468553 0.63072 0.322425 0.0468553 0.63072 
189 0.32641 0.0444093 0.62918 0.32641 0.0444093 0.62918 
190 0.323307 0.0499979 0.626695 0.323307 0.0499979 0.626695 
191 0.321924 0.047663 0.630413 0.321924 0.047663 0.630413 
192 0.324919 0.0446191 0.630462 0.324919 0.0446191 0.630462 
193 0.333078 0.0473273 0.619595 0.333078 0.0473273 0.619595 
194 0.328775 0.0421747 0.62905 0.328775 0.0421747 0.62905 
195 0.335164 0.039021 0.625815 0.335164 0.039021 0.625815 
196 0.340015 0.0431561 0.616829 0.340015 0.0431561 0.616829 
197 0.339771 0.0449971 0.615232 0.339771 0.0449971 0.615232 
198 0.336269 0.0448639 0.618867 0.336269 0.0448639 0.618867 
199 0.338237 0.0471713 0.614592 0.338237 0.0471713 0.614592 
200 0.34007 0.0405551 0.619375 0.34007 0.0405551 0.619375 
201 0.341571 0.0382628 0.620167 0.341571 0.0382628 0.620167 
202 0.333482 0.0409276 0.62559 0.333482 0.0409276 0.62559 
203 0.329557 0.038764 0.631679 0.329557 0.038764 0.631679 
204 0.326409 0.0403298 0.633261 0.326409 0.0403298 0.633261 
205 0.343196 0.0380787 0.618725 0.343196 0.0380787 0.618725 
206 0.343779 0.0423291 0.613892 0.343779 0.0423291 0.613892 
207 0.339057 0.0442633 0.61668 0.339057 0.0442633 0.61668 
208 0.34076 0.0442123 0.615028 0.34076 0.0442123 0.615028 
209 0.34458 0.0429126 0.612507 0.34458 0.0429126 0.612507 
210 0.337551 0.0470817 0.615367 0.337551 0.0470817 0.615367 
211 0.335222 0.0406183 0.62416 0.335222 0.0406183 0.62416 
212 0.337178 0.0391527 0.623669 0.337178 0.0391527 0.623669 
213 0.34413 0.034337 0.621533 0.34413 0.034337 0.621533 
214 0.345374 0.0420624 0.612564 0.345374 0.0420624 0.612564 
215 0.343712 0.043199 0.613089 0.343712 0.043199 0.613089 
216 0.337518 0.0475195 0.614963 0.337518 0.0475195 0.614963 
217 0.332678 0.0518491 0.615473 0.332678 0.0518491 0.615473 
218 0.326494 0.0469795 0.626526 0.326494 0.0469795 0.626526 
219 0.331802 0.0447436 0.623455 0.331802 0.0447436 0.623455 
220 0.332833 0.04573 0.621437 0.332833 0.04573 0.621437 
221 0.338614 0.0476395 0.613747 0.338614 0.0476395 0.613747 
222 0.340561 0.0409938 0.618445 0.340561 0.0409938 0.618445 
223 0.331027 0.0478807 0.621092 0.331027 0.0478807 0.621092 
224 0.342573 0.0437428 0.613685 0.342573 0.0437428 0.613685 
225 0.338641 0.0504635 0.610895 0.338641 0.0504635 0.610895 
226 0.335606 0.0428607 0.621533 0.335606 0.0428607 0.621533 
227 0.337085 0.0509613 0.611954 0.337085 0.0509613 0.611954 
228 0.332681 0.0512686 0.61605 0.332681 0.0512686 0.61605 
229 0.341169 0.0440913 0.614739 0.341169 0.0440913 0.614739 
230 0.333347 0.0501533 0.616499 0.333347 0.0501533 0.616499 
231 0.334219 0.0541356 0.611645 0.334219 0.0541356 0.611645 
232 0.330953 0.0534013 0.615646 0.330953 0.0534013 0.615646 
233 0.343469 0.0475123 0.609019 0.343469 0.0475123 0.609019 
234 0.342908 0.0480424 0.60905 0.342908 0.0480424 0.60905 
235 0.354243 0.0404419 0.605315 0.354243 0.0404419 0.605315 
236 0.357771 0.0425942 0.599635 0.357771 0.0425942 0.599635 
237 0.363549 0.0405461 0.595905 0.363549 0.0405461 0.595905 
238 0.355494 0.0450225 0.599483 0.355494 0.0450225 0.599483 
239 0.356719 0.0401717 0.603109 0.356719 0.0401717 0.603109 
240 0.352966 0.0455909 0.601443 0.352966 0.0455909 0.601443 
241 0.355476 0.0441021 0.600422 0.355476 0.0441021 0.600422 
242 0.347246 0.0466867 0.606067 0.347246 0.0466867 0.606067 
243 0.351195 0.0459869 0.602818 0.351195 0.0459869 0.602818 
244 0.354974 0.0476171 0.597409 0.354974 0.0476171 0.597409 
245 0.352652 0.0500398 0.597308 0.352652 0.0500398 0.597308 
246 0.354703 0.0494194 0.595878 0.354703 0.0494194 0.595878 
247 0.352703 0.0481148 0.599182 0.352703 0.0481148 0.599182 
248 0.360645 0.0495959 0.589759 0.360645 0.0495959 0.589759 
249 0.367005 0.0480267 0.584969 0.367005 0.0480267 0.584969 
250 0.367281 0.0457294 0.58699 0.367281 0.0457294 0.58699 
251 0.357837 0.0525575 0.589606 0.357837 0.0525575 0.589606 
252 0.357265 0.0523427 0.590393 0.357265 0.0523427 0.590393 
253 0.361272 0.0509391 0.587789 0.361272 0.0509391 0.587789 
254 0.349234 0.0582784 0.592488 0.349234 0.0582784 0.592488 
255 0.350169 0.0534481 0.596383 0.350169 0.0534481 0.596383 
256 0.35124 0.0582349 0.590525 0.35124 0.0582349 0.590525 
257 0.353769 0.0579462 0.588285 0.353769 0.0579462 0.588285 
258 0.360663 0.0554355 0.583901 0.360663 0.0554355 0.583901 
259 0.366374 0.0559904 0.577636 0.366374 0.0559904 0.577636 
260 0.357028 0.053877 0.589095 0.357028 0.053877 0.589095 
261 0.362592 0.0540713 0.583336 0.362592 0.0540713 0.583336 
262 0.365029 0.0523706 0.5826 0.365029 0.0523706 0.5826 
263 0.358222 0.0544454 0.587332 0.358222 0.0544454 0.587332 
264 0.361891 0.0525676 0.585541 0.361891 0.0525676 0.585541 
265 0.361364 0.0548426 0.583794 0.361364 0.0548426 0.583794 
266 0.361233 0.0539484 0.584819 0.361233 0.0539484 0.584819 
267 0.357562 0.0498516 0.592587 0.357562 0.0498516 0.592587 
268 0.364599 0.0540669 0.581334 0.364599 0.0540669 0.581334 
269 0.36671 0.0529469 0.580343 0.36671 0.0529469 0.580343 
270 0.360703 0.0536021 0.585695 0.360703 0.0536021 0.585695 
271 0.359702 0.052751 0.587547 0.359702 0.052751 0.587547 
272 0.365231 0.0548154 0.579953 0.365231 0.0548154 0.579953 
273 0.368856 0.0577833 0.573361 0.368856 0.0577833 0.573361 
274 0.363383 0.0540591 0.582558 0.363383 0.0540591 0.582558 
275 0.36652 0.0583592 0.57512 0.36652 0.0583592 0.57512 
276 0.363088 0.0573792 0.579533 0.363088 0.0573792 0.579533 
277 0.362187 0.0593074 0.578505 0.362187 0.0593074 0.578505 
278 0.36613 0.05908 0.57479 0.36613 0.05908 0.57479 
279 0.361591 0.057504 0.580905 0.361591 0.057504 0.580905 
280 0.360735 0.0570915 0.582174 0.360735 0.0570915 0.582174 
281 0.357767 0.0589 0.583333 0.357767 0.0589 0.583333 
282 0.361474 0.0548169 0.583709 0.361474 0.0548169 0.583709 
283 0.371718 0.0517415 0.576541 0.371718 0.0517415 0.576541 
284 0.367708 0.0553131 0.576979 0.367708 0.0553131 0.576979 
285 0.365911 0.056306 0.577783 0.365911 0.056306 0.577783 
286 0.371324 0.0603693 0.568307 0.371324 0.0603693 0.568307 
287 0.361133 0.0554617 0.583405 0.361133 0.0554617 0.583405 
288 0.371961 0.0592885 0.568751 0.371961 0.0592885 0.568751 
289 0.370318 0.052738 0.576944 0.370318 0.052738 0.576944 
290 0.362229 0.054728 0.583043 0.362229 0.054728 0.583043 
291 0.371296 0.057657 0.571047 0.371296 0.057657 0.571047 
292 0.373455 0.0568516 0.569693 0.373455 0.0568516 0.569693 
293 0.376316 0.0502887 0.573396 0.376316 0.0502887 0.573396 
294 0.37374 0.0518507 0.57441 0.37374 0.0518507 0.57441 
295 0.368705 0.0589287 0.572367 0.368705 0.0589287 0.572367 
296 0.364541 0.0624174 0.573042 0.364541 0.0624174 0.573042 
297 0.366324 0.0590677 0.574609 0.366324 0.0590677 0.574609 
298 0.370491 0.0547244 0.574785 0.370491 0.0547244 0.574785 
299 0.373589 0.0508423 0.575569 0.373589 0.0508423 0.575569 
300 0.379449 0.0531469 0.567404 0.379449 0.0531469 0.567404 
301 0.374539 0.0560752 0.569386 0.374539 0.0560752 0.569386 
302 0.375402 0.0563799 0.568218 0.375402 0.0563799 0.568218 
303 0.37627 0.0561567 0.567573 0.37627 0.0561567 0.567573 
304 0.377081 0.0558032 0.567116 0.377081 0.0558032 0.567116 
305 0.374419 0.0529765 0.572605 0.374419 0.0529765 0.572605 
306 0.37767 0.0477912 0.574539 0.37767 0.0477912 0.574539 
307 0.379835 0.0520524 0.568113 0.379835 0.0520524 0.568113 
308 0.383356 0.0543051 0.562339 0.383356 0.0543051 0.562339 
309 0.385699 0.0550361 0.559265 0.385699 0.0550361 0.559265 
310 0.377928 0.0558584 0.566214 0.377928 0.0558584 0.566214 
311 0.3855 0.0533699 0.56113 0.3855 0.0533699 0.56113 
312 0.382844 0.0570243 0.560132 0.382844 0.0570243 0.560132 
313 0.390364 0.0557273 0.553908 0.390364 0.0557273 0.553908 
314 0.376355 0.059177 0.564468 0.376355 0.059177 0.564468 
315 0.38737 0.0576648 0.554965 0.38737 0.0576648 0.554965 
316 0.386335 0.0571439 0.556521 0.386335 0.0571439 0.556521 
317 0.39248 0.0548905 0.55263 0.39248 0.0548905 0.55263 
318 0.381852 0.0552499 0.562898 0.381852 0.0552499 0.562898 
319 0.386401 0.0587684 0.55483 0.386401 0.0587684 0.55483 
320 0.386332 0.0554183 0.55825 0.386332 0.0554183 0.55825 
321 0.389778 0.0549316 0.55529 0.389778 0.0549316 0.55529 
322 0.395392 0.0569117 0.547696 0.395392 0.0569117 0.547696 
323 0.387887 0.0581452 0.553968 0.387887 0.0581452 0.553968 
324 0.38038 0.0586565 0.560963 0.38038 0.0586565 0.560963 
325 0.376244 0.0561782 0.567577 0.376244 0.0561782 0.567577 
326 0.380362 0.0504917 0.569146 0.380362 0.0504917 0.569146 
327 0.373958 0.0494011 0.57664 0.373958 0.0494011 0.57664 
328 0.378565 0.0530272 0.568408 0.378565 0.0530272 0.568408 
329 0.3723 0.0592257 0.568474 0.3723 0.0592257 0.568474 
330 0.378711 0.0615978 0.559692 0.378711 0.0615978 0.559692 
331 0.382905 0.0582095 0.558886 0.382905 0.0582095 0.558886 
332 0.381316 0.0555005 0.563184 0.381316 0.0555005 0.563184 
333 0.383241 0.058655 0.558104 0.383241 0.058655 0.558104 
334 0.38547 0.058712 0.555818 0.38547 0.058712 0.555818 
335 0.38357 0.0600121 0.556417 0.38357 0.0600121 0.556417 
336 0.391445 0.0570374 0.551518 0.391445 0.0570374 0.551518 
337 0.388016 0.0545172 0.557467 0.388016 0.0545172 0.557467 
338 0.389279 0.0542782 0.556443 0.389279 0.0542782 0.556443 
339 0.390076 0.0534833 0.55644 0.390076 0.0534833 0.55644 
340 0.390921 0.059828 0.549251 0.390921 0.059828 0.549251 
341 0.378504 0.0600231 0.561473 0.378504 0.0600231 0.561473 
342 0.379995 0.0561937 0.563811 0.379995 0.0561937 0.563811 
343 0.377268 0.0535236 0.569209 0.377268 0.0535236 0.569209 
344 0.374567 0.0583566 0.567076 0.374567 0.0583566 0.567076 
345 0.372983 0.0526869 0.57433 0.372983 0.0526869 0.57433 
346 0.379772 0.0505621 0.569666 0.379772 0.0505621 0.569666 
347 0.381828 0.0534869 0.564685 0.381828 0.0534869 0.564685 
348 0.381901 0.0574685 0.56063 0.381901 0.0574685 0.56063 
349 0.382411 0.0563195 0.561269 0.382411 0.0563195 0.561269 
350 0.379392 0.0590635 0.561545 0.379392 0.0590635 0.561545 
351 0.375282 0.0579882 0.56673 0.375282 0.0579882 0.56673 
352 0.378599 0.0579253 0.563476 0.378599 0.0579253 0.563476 
353 0.376522 0.0586409 0.564837 0.376522 0.0586409 0.564837 
354 0.377354 0.052819 0.569827 0.377354 0.052819 0.569827 
355 0.37325 0.052215 0.574535 0.37325 0.052215 0.574535 
356 0.377162 0.0533052 0.569533 0.377162 0.0533052 0.569533 
357 0.373476 0.0589926 0.567532 0.373476 0.0589926 0.567532 
358 0.37184 0.0590101 0.56915 0.37184 0.0590101 0.56915 
359 0.371319 0.056825 0.571856 0.371319 0.056825 0.571856 
360 0.373523 0.058136 0.568341 0.373523 0.058136 0.568341 
361 0.376062 0.053716 0.570222 0.376062 0.053716 0.570222 
362 0.365902 0.0592713 0.574826 0.365902 0.0592713 0.574826 
363 0.375843 0.0631977 0.560959 0.375843 0.0631977 0.560959 
364 0.382103 0.0633381 0.554559 0.382103 0.0633381 0.554559 
365 0.381167 0.0595319 0.559301 0.381167 0.0595319 0.559301 
366 0.380398 0.0572974 0.562305 0.380398 0.0572974 0.562305 
367 0.371398 0.058336 0.570266 0.371398 0.058336 0.570266 
368 0.373884 0.0598456 0.56627 0.373884 0.0598456 0.56627 
369 0.37473 0.058002 0.567268 0.37473 0.058002 0.567268 
370 0.377907 0.0552214 0.566871 0.377907 0.0552214 0.566871 
371 0.380641 0.056733 0.562626 0.380641 0.056733 0.562626 
372 0.383256 0.0616934 0.555051 0.383256 0.0616934 0.555051 
373 0.372527 0.0589505 0.568523 0.372527 0.0589505 0.568523 
374 0.379015 0.0557274 0.565257 0.379015 0.0557274 0.565257 
375 0.375157 0.0593526 0.56549 0.375157 0.0593526 0.56549 
376 0.378764 0.0616909 0.559545 0.378764 0.0616909 0.559545 
377 0.378943 0.0549629 0.566094 0.378943 0.0549629 0.566094 
378 0.388116 0.0482436 0.56364 0.388116 0.0482436 0.56364 
379 0.384438 0.0494456 0.566116 0.384438 0.0494456 0.566116 
380 0.382132 0.0557119 0.562156 0.382132 0.0557119 0.562156 
381 0.384547 0.0629115 0.552542 0.384547 0.0629115 0.552542 
382 0.376959 0.0645003 0.558541 0.376959 0.0645003 0.558541 
383 0.380717 0.0579311 0.561352 0.380717 0.0579311 0.561352 
384 0.384752 0.0571522 0.558096 0.384752 0.0571522 0.558096 
385 0.379845 0.0616366 0.558518 0.379845 0.0616366 0.558518 
386 0.38015 0.0622443 0.557605 0.38015 0.0622443 0.557605 
387 0.380303 0.0588011 0.560896 0.380303 0.0588011 0.560896 
388 0.378915 0.0628984 0.558186 0.378915 0.0628984 0.558186 
389 0.372116 0.0627286 0.565155 0.372116 0.0627286 0.565155 
390 0.372814 0.063644 0.563542 0.372814 0.063644 0.563542 
391 0.37969 0.0641026 0.556207 0.37969 0.0641026 0.556207 
392 0.373242 0.0629738 0.563784 0.373242 0.0629738 0.563784 
393 0.376646 0.0593226 0.564031 0.376646 0.0593226 0.564031 
394 0.374939 0.0575765 0.567484 0.374939 0.0575765 0.567484 
395 0.373738 0.0588984 0.567364 0.373738 0.0588984 0.567364 
396 0.373643 0.0642458 0.562111 0.373643 0.0642458 0.562111 
397 0.375469 0.0640025 0.560529 0.375469 0.0640025 0.560529 
398 0.368751 0.0635393 0.56771 0.368751 0.0635393 0.56771 
399 0.377036 0.0622726 0.560692 0.377036 0.0622726 0.560692 
400 0.378887 0.0652579 0.555855 0.378887 0.0652579 0.555855 
401 0.382714 0.0640574 0.553229 0.382714 0.0640574 0.553229 
402 0.369056 0.0690628 0.561881 0.369056 0.0690628 0.561881 
403 0.373063 0.0676713 0.559266 0.373063 0.0676713 0.559266 
404 0.377611 0.0653074 0.557082 0.377611 0.0653074 0.557082 
405 0.379169 0.0649008 0.55593 0.379169 0.0649008 0.55593 
406 0.375333 0.064386 0.560281 0.375333 0.064386 0.560281 
407 0.382691 0.0649428 0.552366 0.382691 0.0649428 0.552366 
408 0.377319 0.0670547 0.555627 0.377319 0.0670547 0.555627 
409 0.374369 0.0628851 0.562746 0.374369 0.0628851 0.562746 
410 0.382227 0.0597161 0.558057 0.382227 0.0597161 0.558057 
411 0.377473 0.061789 0.560738 0.377473 0.061789 0.560738 
412 0.382808 0.0668119 0.55038 0.382808 0.0668119 0.55038 
413 0.376562 0.0658095 0.557629 0.376562 0.0658095 0.557629 
414 0.38071 0.0666922 0.552597 0.38071 0.0666922 0.552597 
415 0.383566 0.0674574 0.548977 0.383566 0.0674574 0.548977 
416 0.380357 0.0696196 0.550023 0.380357 0.0696196 0.550023 
417 0.386846 0.0631241 0.55003 0.386846 0.0631241 0.55003 
418 0.388466 0.0650524 0.546481 0.388466 0.0650524 0.546481 
419 0.387505 0.0622073 0.550287 0.387505 0.0622073 0.550287 
420 0.388099 0.066547 0.545354 0.388099 0.066547 0.545354 
421 0.379712 0.0630157 0.557272 0.379712 0.0630157 0.557272 
422 0.382387 0.0653199 0.552293 0.382387 0.0653199 0.552293 
423 0.381106 0.0696836 0.549211 0.381106 0.0696836 0.549211 
424 0.387797 0.0692535 0.542949 0.387797 0.0692535 0.542949 
425 0.388051 0.0709267 0.541022 0.388051 0.0709267 0.541022 
426 0.391691 0.0658116 0.542498 0.391691 0.0658116 0.542498 
427 0.395796 0.0652366 0.538967 0.395796 0.0652366 0.538967 
428 0.386108 0.067355 0.546537 0.386108 0.067355 0.546537 
429 0.385984 0.0714317 0.542584 0.385984 0.0714317 0.542584 
430 0.389123 0.0659897 0.544887 0.389123 0.0659897 0.544887 
431 0.390033 0.0682118 0.541755 0.390033 0.0682118 0.541755 
432 0.387242 0.0662492 0.546509 0.387242 0.0662492 0.546509 
433 0.38886 0.067019 0.544121 0.38886 0.067019 0.544121 
434 0.378918 0.0651229 0.555959 0.378918 0.0651229 0.555959 
435 0.382076 0.0661513 0.551773 0.382076 0.0661513 0.551773 
436 0.377822 0.0677433 0.554434 0.377822 0.0677433 0.554434 
437 0.37628 0.069132 0.554588 0.37628 0.069132 0.554588 
438 0.386826 0.0712439 0.54193 0.386826 0.0712439 0.54193 
439 0.379431 0.0702636 0.550305 0.379431 0.0702636 0.550305 
440 0.378925 0.0690608 0.552014 0.378925 0.0690608 0.552014 
441 0.382666 0.0684589 0.548875 0.382666 0.0684589 0.548875 
442 0.390082 0.0659812 0.543937 0.390082 0.0659812 0.543937 
443 0.385971 0.0674521 0.546577 0.385971 0.0674521 0.546577 
444 0.3853 0.0676043 0.547096 0.3853 0.0676043 0.547096 
445 0.378069 0.0678381 0.554093 0.378069 0.0678381 0.554093 
446 0.378737 0.0650274 0.556236 0.378737 0.0650274 0.556236 
447 0.381442 0.0647871 0.553771 0.381442 0.0647871 0.553771 
448 0.376992 0.0656463 0.557362 0.376992 0.0656463 0.557362 
449 0.376884 0.0639979 0.559118 0.376884 0.0639979 0.559118 
450 0.379006 0.0653533 0.555641 0.379006 0.0653533 0.555641 
451 0.379931 0.0685076 0.551561 0.379931 0.0685076 0.551561 
452 0.383405 0.0654297 0.551165 0.383405 0.0654297 0.551165 
453 0.372854 0.0695851 0.557561 0.372854 0.0695851 0.557561 
454 0.371808 0.0656077 0.562584 0.371808 0.0656077 0.562584 
455 0.377702 0.0664622 0.555836 0.377702 0.0664622 0.555836 
456 0.376283 0.0647412 0.558976 0.376283 0.0647412 0.558976 
457 0.376489 0.0662257 0.557286 0.376489 0.0662257 0.557286 
458 0.372498 0.0648931 0.562609 0.372498 0.0648931 0.562609 
459 0.379558 0.0599692 0.560473 0.379558 0.0599692 0.560473 
460 0.373485 0.0675839 0.558932 0.373485 0.0675839 0.558932 
461 0.380792 0.0640727 0.555135 0.380792 0.0640727 0.555135 
462 0.372218 0.06362 0.564162 0.372218 0.06362 0.564162 
463 0.371833 0.0680723 0.560095 0.371833 0.0680723 0.560095 
464 0.371085 0.0631111 0.565804 0.371085 0.0631111 0.565804 
465 0.374366 0.0645014 0.561133 0.374366 0.0645014 0.561133 
466 0.372921 0.0667513 0.560328 0.372921 0.0667513 0.560328 
467 0.371857 0.065924 0.562219 0.371857 0.065924 0.562219 
468 0.370263 0.0665736 0.563164 0.370263 0.0665736 0.563164 
469 0.376634 0.0684203 0.554945 0.376634 0.0684203 0.554945 
470 0.381456 0.0684725 0.550072 0.381456 0.0684725 0.550072 
471 0.378591 0.0755239 0.545885 0.378591 0.0755239 0.545885 
472 0.37982 0.0704536 0.549726 0.37982 0.0704536 0.549726 
473 0.378015 0.0651412 0.556843 0.378015 0.0651412 0.556843 
474 0.376558 0.0677153 0.555727 0.376558 0.0677153 0.555727 
475 0.374622 0.0675901 0.557788 0.374622 0.0675901 0.557788 
476 0.378374 0.0681309 0.553495 0.378374 0.0681309 0.553495 
477 0.385729 0.0651672 0.549104 0.385729 0.0651672 0.549104 
478 0.381264 0.0707092 0.548027 0.381264 0.0707092 0.548027 
479 0.383185 0.072684 0.544131 0.383185 0.072684 0.544131 
480 0.378929 0.0737263 0.547344 0.378929 0.0737263 0.547344 
481 0.382091 0.0680091 0.5499 0.382091 0.0680091 0.5499 
482 0.38027 0.0700348 0.549696 0.38027 0.0700348 0.549696 
483 0.381146 0.0755019 0.543352 0.381146 0.0755019 0.543352 
484 0.378503 0.0742186 0.547278 0.378503 0.0742186 0.547278 
485 0.376999 0.0756704 0.54733 0.376999 0.0756704 0.54733 
486 0.377716 0.0713338 0.55095 0.377716 0.0713338 0.55095 
487 0.379892 0.0699016 0.550206 0.379892 0.0699016 0.550206 
488 0.378469 0.0759451 0.545586 0.378469 0.0759451 0.545586 
489 0.378176 0.0718845 0.549939 0.378176 0.0718845 0.549939 
490 0.373861 0.0698649 0.556274 0.373861 0.0698649 0.556274 
491 0.377631 0.0720318 0.550337 0.377631 0.0720318 0.550337 
492 0.38047 0.0777612 0.541768 0.38047 0.0777612 0.541768 
493 0.366184 0.0803551 0.553461 0.366184 0.0803551 0.553461 
494 0.379345 0.0718095 0.548846 0.379345 0.0718095 0.548846 
495 0.377559 0.0681598 0.554281 0.377559 0.0681598 0.554281 
496 0.380109 0.0669355 0.552956 0.380109 0.0669355 0.552956 
497 0.377391 0.0715146 0.551094 0.377391 0.0715146 0.551094 
498 0.381737 0.0752958 0.542967 0.381737 0.0752958 0.542967 
499 0.377648 0.0750839 0.547268 0.377648 0.0750839 0.547268 
500 0.378099 0.0734646 0.548436 0.378099 0.0734646 0.548436 
501 0.380035 0.070352 0.549613 0.380035 0.070352 0.549613 
502 0.381677 0.0712336 0.547089 0.381677 0.0712336 0.547089 
503 0.377162 0.0727658 0.550073 0.377162 0.0727658 0.550073 
504 0.382455 0.068403 0.549142 0.382455 0.068403 0.549142 
505 0.377095 0.0711497 0.551755 0.377095 0.0711497 0.551755 
506 0.378309 0.0700378 0.551653 0.378309 0.0700378 0.551653 
507 0.376849 0.0689168 0.554234 0.376849 0.0689168 0.554234 
508 0.375594 0.0676809 0.556725 0.375594 0.0676809 0.556725 
509 0.378628 0.0685182 0.552854 0.378628 0.0685182 0.552854 
510 0.379653 0.0658534 0.554494 0.379653 0.0658534 0.554494 
511 0.378597 0.068968 0.552435 0.378597 0.068968 0.552435 
512 0.381618 0.0657851 0.552597 0.381618 0.0657851 0.552597 
513 0.374691 0.0746012 0.550708 0.374691 0.0746012 0.550708 
514 0.375519 0.0714003 0.553081 0.375519 0.0714003 0.553081 
515 0.378576 0.0695611 0.551863 0.378576 0.0695611 0.551863 
516 0.380218 0.0718158 0.547966 0.380218 0.0718158 0.547966 
517 0.38158 0.0719724 0.546448 0.38158 0.0719724 0.546448 
518 0.391007 0.0714013 0.537591 0.391007 0.0714013 0.537591 
519 0.385158 0.0722058 0.542636 0.385158 0.0722058 0.542636 
520 0.384103 0.0704403 0.545456 0.384103 0.0704403 0.545456 
521 0.377957 0.0706955 0.551347 0.377957 0.0706955 0.551347 
522 0.378954 0.0719041 0.549142 0.378954 0.0719041 0.549142 
523 0.376107 0.0737789 0.550114 0.376107 0.0737789 0.550114 
524 0.373117 0.0710326 0.555851 0.373117 0.0710326 0.555851 
525 0.378346 0.0712312 0.550422 0.378346 0.0712312 0.550422 
526 0.383154 0.0706967 0.54615 0.383154 0.0706967 0.54615 
527 0.382485 0.0665346 0.55098 0.382485 0.0665346 0.55098 
528 0.380649 0.0678604 0.55149 0.380649 0.0678604 0.55149 
529 0.372914 0.0699367 0.557149 0.372914 0.0699367 0.557149 
530 0.367134 0.0705917 0.562274 0.367134 0.0705917 0.562274 
531 0.374818 0.0662154 0.558966 0.374818 0.0662154 0.558966 
532 0.377157 0.0661122 0.556731 0.377157 0.0661122 0.556731 
533 0.38416 0.0721873 0.543653 0.38416 0.0721873 0.543653 
534 0.377421 0.0707631 0.551816 0.377421 0.0707631 0.551816 
535 0.380033 0.0705815 0.549386 0.380033 0.0705815 0.549386 
536 0.380451 0.0725198 0.547029 0.380451 0.0725198 0.547029 
537 0.381807 0.0662073 0.551986 0.381807 0.0662073 0.551986 
538 0.380039 0.0664694 0.553492 0.380039 0.0664694 0.553492 
539 0.376702 0.0670748 0.556223 0.376702 0.0670748 0.556223 
540 0.379596 0.0646929 0.555712 0.379596 0.0646929 0.555712 
541 0.382198 0.0701953 0.547607 0.382198 0.0701953 0.547607 
542 0.38291 0.0687455 0.548344 0.38291 0.0687455 0.548344 
543 0.380977 0.0661689 0.552854 0.380977 0.0661689 0.552854 
544 0.38178 0.0670644 0.551156 0.38178 0.0670644 0.551156 
545 0.379767 0.0661378 0.554095 0.379767 0.0661378 0.554095 
546 0.386957 0.0629415 0.550102 0.386957 0.0629415 0.550102 
547 0.384653 0.0617611 0.553586 0.384653 0.0617611 0.553586 
548 0.380553 0.0595614 0.559886 0.380553 0.0595614 0.559886 
549 0.387786 0.0632714 0.548943 0.387786 0.0632714 0.548943 
550 0.388649 0.0670875 0.544263 0.388649 0.0670875 0.544263 
551 0.39005 0.0693364 0.540614 0.39005 0.0693364 0.540614 
552 0.388809 0.0673526 0.543838 0.388809 0.0673526 0.543838 
553 0.377849 0.0727935 0.549357 0.377849 0.0727935 0.549357 
554 0.38031 0.0744521 0.545238 0.38031 0.0744521 0.545238 
555 0.384401 0.0690164 0.546582 0.384401 0.0690164 0.546582 
556 0.388513 0.0707504 0.540736 0.388513 0.0707504 0.540736 
557 0.389924 0.0671321 0.542944 0.389924 0.0671321 0.542944 
558 0.394322 0.0674723 0.538206 0.394322 0.0674723 0.538206 
559 0.390173 0.0705312 0.539296 0.390173 0.0705312 0.539296 
560 0.386837 0.071207 0.541956 0.386837 0.071207 0.541956 
561 0.386007 0.0756958 0.538297 0.386007 0.0756958 0.538297 
562 0.390099 0.075984 0.533917 0.390099 0.075984 0.533917 
563 0.388412 0.0735627 0.538025 0.388412 0.0735627 0.538025 
564 0.391089 0.0728579 0.536053 0.391089 0.0728579 0.536053 
565 0.389775 0.0720002 0.538224 0.389775 0.0720002 0.538224 
566 0.392058 0.0746566 0.533285 0.392058 0.0746566 0.533285 
567 0.392445 0.0720054 0.53555 0.392445 0.0720054 0.53555 
568 0.385953 0.0728968 0.541151 0.385953 0.0728968 0.541151 
569 0.386618 0.0724857 0.540896 0.386618 0.0724857 0.540896 
570 0.392687 0.0679028 0.53941 0.392687 0.0679028 0.53941 
571 0.392197 0.075744 0.53206 0.392197 0.075744 0.53206 
572 0.394475 0.0767239 0.528801 0.394475 0.0767239 0.528801 
573 0.385102 0.0746863 0.540211 0.385102 0.0746863 0.540211 
574 0.381347 0.0766935 0.54196 0.381347 0.0766935 0.54196 
575 0.379579 0.0820815 0.53834 0.379579 0.0820815 0.53834 
576 0.383268 0.0769464 0.539785 0.383268 0.0769464 0.539785 
577 0.384448 0.0756859 0.539866 0.384448 0.0756859 0.539866 
578 0.387825 0.0750184 0.537157 0.387825 0.0750184 0.537157 
579 0.392713 0.075598 0.531689 0.392713 0.075598 0.531689 
580 0.395124 0.0718884 0.532988 0.395124 0.0718884 0.532988 
581 0.393575 0.0786633 0.527762 0.393575 0.0786633 0.527762 
582 0.395358 0.0822792 0.522363 0.395358 0.0822792 0.522363 
583 0.397907 0.0805686 0.521525 0.397907 0.0805686 0.521525 
584 0.397768 0.0808228 0.521409 0.397768 0.0808228 0.521409 
585 0.384831 0.0829288 0.53224 0.384831 0.0829288 0.53224 
586 0.381046 0.0814677 0.537486 0.381046 0.0814677 0.537486 
587 0.381222 0.0761935 0.542585 0.381222 0.0761935 0.542585 
588 0.372647 0.0830013 0.544352 0.372647 0.0830013 0.544352 
589 0.384927 0.0805756 0.534498 0.384927 0.0805756 0.534498 
590 0.386194 0.0792756 0.53453 0.386194 0.0792756 0.53453 
591 0.384069 0.0776198 0.538311 0.384069 0.0776198 0.538311 
592 0.385187 0.0739118 0.540901 0.385187 0.0739118 0.540901 
593 0.391039 0.0729042 0.536056 0.391039 0.0729042 0.536056 
594 0.392474 0.0722952 0.535231 0.392474 0.0722952 0.535231 
595 0.38417 0.0765438 0.539287 0.38417 0.0765438 0.539287 
596 0.383995 0.0809614 0.535044 0.383995 0.0809614 0.535044 
597 0.392174 0.0775788 0.530248 0.392174 0.0775788 0.530248 
598 0.391254 0.0795093 0.529237 0.391254 0.0795093 0.529237 
599 0.393498 0.0789785 0.527523 0.393498 0.0789785 0.527523 
600 0.384824 0.079898 0.535278 0.384824 0.079898 0.535278 
601 0.38985 0.0788948 0.531255 0.38985 0.0788948 0.531255 
602 0.391099 0.0804858 0.528415 0.391099 0.0804858 0.528415 
603 0.392401 0.0750613 0.532538 0.392401 0.0750613 0.532538 
604 0.391199 0.076494 0.532307 0.391199 0.076494 0.532307 
605 0.391425 0.0811793 0.527395 0.391425 0.0811793 0.527395 
606 0.395095 0.078641 0.526264 0.395095 0.078641 0.526264 
607 0.400105 0.0822022 0.517693 0.400105 0.0822022 0.517693 
608 0.402 0.0801683 0.517831 0.402 0.0801683 0.517831 
609 0.396011 0.0810733 0.522916 0.396011 0.0810733 0.522916 
610 0.396159 0.0787094 0.525131 0.396159 0.0787094 0.525131 
611 0.387124 0.081964 0.530912 0.387124 0.081964 0.530912 
612 0.390638 0.0818071 0.527555 0.390638 0.0818071 0.527555 
613 0.399432 0.07458 0.525988 0.399432 0.07458 0.525988 
614 0.399712 0.0752002 0.525088 0.399712 0.0752002 0.525088 
615 0.400726 0.0721823 0.527091 0.400726 0.0721823 0.527091 
616 0.405155 0.0703643 0.524481 0.405155 0.0703643 0.524481 
617 0.399671 0.0762827 0.524047 0.399671 0.0762827 0.524047 
618 0.395288 0.0741904 0.530521 0.395288 0.0741904 0.530521 
619 0.403911 0.0763643 0.519724 0.403911 0.0763643 0.519724 
620 0.401735 0.0742881 0.523977 0.401735 0.0742881 0.523977 
621 0.39554 0.0777949 0.526665 0.39554 0.0777949 0.526665 
622 0.398837 0.0794181 0.521745 0.398837 0.0794181 0.521745 
623 0.403768 0.0772111 0.519021 0.403768 0.0772111 0.519021 
624 0.394779 0.0760251 0.529196 0.394779 0.0760251 0.529196 
625 0.390446 0.0728812 0.536673 0.390446 0.0728812 0.536673 
626 0.392729 0.0804649 0.526806 0.392729 0.0804649 0.526806 
627 0.392109 0.0804507 0.52744 0.392109 0.0804507 0.52744 
628 0.391138 0.0807049 0.528157 0.391138 0.0807049 0.528157 
629 0.394539 0.0810473 0.524414 0.394539 0.0810473 0.524414 
630 0.399102 0.0840762 0.516821 0.399102 0.0840762 0.516821 
631 0.404141 0.0783631 0.517496 0.404141 0.0783631 0.517496 
632 0.404958 0.075009 0.520033 0.404958 0.075009 0.520033 
633 0.402019 0.0766388 0.521342 0.402019 0.0766388 0.521342 
634 0.396328 0.0778763 0.525796 0.396328 0.0778763 0.525796 
635 0.39165 0.0788406 0.529509 0.39165 0.0788406 0.529509 
636 0.390602 0.0779224 0.531475 0.390602 0.0779224 0.531475 
637 0.393382 0.0784182 0.5282 0.393382 0.0784182 0.5282 
638 0.390507 0.0787705 0.530722 0.390507 0.0787705 0.530722 
639 0.395683 0.0753171 0.528999 0.395683 0.0753171 0.528999 
640 0.399565 0.0766254 0.52381 0.399565 0.0766254 0.52381 
641 0.398576 0.0772957 0.524129 0.398576 0.0772957 0.524129 
642 0.398152 0.0772517 0.524597 0.398152 0.0772517 0.524597 
643 0.395493 0.0794226 0.525084 0.395493 0.0794226 0.525084 
644 0.394314 0.0780243 0.527662 0.394314 0.0780243 0.527662 
645 0.398261 0.0737315 0.528008 0.398261 0.0737315 0.528008 
646 0.397304 0.0719727 0.530724 0.397304 0.0719727 0.530724 
647 0.393493 0.0763115 0.530195 0.393493 0.0763115 0.530195 
648 0.40045 0.0760472 0.523503 0.40045 0.0760472 0.523503 
649 0.400316 0.0758754 0.523809 0.400316 0.0758754 0.523809 
650 0.398743 0.0779558 0.523301 0.398743 0.0779558 0.523301 
651 0.399084 0.0765392 0.524377 0.399084 0.0765392 0.524377 
652 0.403959 0.0708665 0.525174 0.403959 0.0708665 0.525174 
653 0.407877 0.0675214 0.524602 0.407877 0.0675214 0.524602 
654 0.401344 0.0723752 0.526281 0.401344 0.0723752 0.526281 
655 0.40306 0.0747378 0.522202 0.40306 0.0747378 0.522202 
656 0.407966 0.0714408 0.520593 0.407966 0.0714408 0.520593 
657 0.399332 0.0740811 0.526587 0.399332 0.0740811 0.526587 
658 0.390701 0.0801814 0.529118 0.390701 0.0801814 0.529118 
659 0.398377 0.0764212 0.525202 0.398377 0.0764212 0.525202 
660 0.405209 0.0789364 0.515855 0.405209 0.0789364 0.515855 
661 0.405892 0.0709723 0.523135 0.405892 0.0709723 0.523135 
662 0.405745 0.0740235 0.520232 0.405745 0.0740235 0.520232 
