#t all sampled fraction of dominance, coordination, coexistence sur_sampled fraction of dominance coordination coexistence
0 nan nan nan nan nan nan 
1 0.4 0.0666667 0.533333 0.4 0.0666667 0.533333 
2 0.297297 0.0540541 0.648649 0.297297 0.0540541 0.648649 
3 0.333333 0.01 0.656667 0.333333 0.01 0.656667 
4 0.282051 0.0320513 0.685897 0.282051 0.0320513 0.685897 
5 0.248 0.012 0.74 0.248 0.012 0.74 
6 0.294372 0.0335498 0.672078 0.294372 0.0335498 0.672078 
7 0.260085 0.0350318 0.704883 0.260085 0.0350318 0.704883 
8 0.252437 0.0253411 0.722222 0.252437 0.0253411 0.722222 
9 0.281982 0.0297297 0.688288 0.281982 0.0297297 0.688288 
10 0.276632 0.0197595 0.703608 0.276632 0.0197595 0.703608 
11 0.279107 0.00637959 0.714514 0.279107 0.00637959 0.714514 
12 0.273599 0.00737463 0.719027 0.273599 0.00737463 0.719027 
13 0.271528 0.0184722 0.71 0.271528 0.0184722 0.71 
14 0.25591 0.0152722 0.728818 0.25591 0.0152722 0.728818 
15 0.246452 0.0105756 0.742972 0.246452 0.0105756 0.742972 
16 0.235623 0.0142494 0.750127 0.235623 0.0142494 0.750127 
17 0.254027 0.0105328 0.73544 0.254027 0.0105328 0.73544 
18 0.244118 0.0134804 0.742402 0.244118 0.0134804 0.742402 
19 0.271377 0.00519324 0.72343 0.271377 0.00519324 0.72343 
20 0.26596 0.0140165 0.720024 0.26596 0.0140165 0.720024 
21 0.263403 0.0114219 0.725175 0.263403 0.0114219 0.725175 
22 0.250515 0.0100802 0.739404 0.250515 0.0100802 0.739404 
23 0.280437 0.013224 0.706339 0.280437 0.013224 0.706339 
24 0.279318 0.010451 0.710231 0.279318 0.010451 0.710231 
25 0.280437 0.00797814 0.711585 0.280437 0.00797814 0.711585 
26 0.283333 0.00733753 0.709329 0.283333 0.00733753 0.709329 
27 0.275841 0.0178389 0.70632 0.275841 0.0178389 0.70632 
28 0.284296 0.0174265 0.698278 0.284296 0.0174265 0.698278 
29 0.276471 0.0230392 0.70049 0.276471 0.0230392 0.70049 
30 0.265873 0.0208333 0.713294 0.265873 0.0208333 0.713294 
31 0.252282 0.0204365 0.727282 0.252282 0.0204365 0.727282 
32 0.254879 0.0263768 0.718744 0.254879 0.0263768 0.718744 
33 0.259387 0.025 0.715613 0.259387 0.025 0.715613 
34 0.241137 0.021869 0.736994 0.241137 0.021869 0.736994 
35 0.246398 0.0225744 0.731028 0.246398 0.0225744 0.731028 
36 0.25103 0.029588 0.719382 0.25103 0.029588 0.719382 
37 0.267685 0.0217593 0.710556 0.267685 0.0217593 0.710556 
38 0.26411 0.026484 0.709406 0.26411 0.026484 0.709406 
39 0.265308 0.0229167 0.711775 0.265308 0.0229167 0.711775 
40 0.262688 0.0197171 0.717595 0.262688 0.0197171 0.717595 
41 0.272911 0.0139842 0.713105 0.272911 0.0139842 0.713105 
42 0.289539 0.0159574 0.694504 0.289539 0.0159574 0.694504 
43 0.281618 0.0262973 0.692084 0.281618 0.0262973 0.692084 
44 0.278131 0.0270723 0.694797 0.278131 0.0270723 0.694797 
45 0.289983 0.0263385 0.683679 0.289983 0.0263385 0.683679 
46 0.282222 0.034359 0.683419 0.282222 0.034359 0.683419 
47 0.300761 0.0255499 0.673689 0.300761 0.0255499 0.673689 
48 0.288832 0.0200172 0.691151 0.288832 0.0200172 0.691151 
49 0.284319 0.0194516 0.69623 0.284319 0.0194516 0.69623 
50 0.276623 0.0229437 0.700433 0.276623 0.0229437 0.700433 
51 0.272938 0.0191581 0.707904 0.272938 0.0191581 0.707904 
52 0.263104 0.0132316 0.723664 0.263104 0.0132316 0.723664 
53 0.264017 0.0169231 0.71906 0.264017 0.0169231 0.71906 
54 0.254882 0.0195286 0.725589 0.254882 0.0195286 0.725589 
55 0.257143 0.0152882 0.727569 0.257143 0.0152882 0.727569 
56 0.260116 0.016335 0.723549 0.260116 0.016335 0.723549 
57 0.251925 0.0193284 0.728747 0.251925 0.0193284 0.728747 
58 0.261526 0.0201606 0.718313 0.261526 0.0201606 0.718313 
59 0.262079 0.0188264 0.719094 0.262079 0.0188264 0.719094 
60 0.257362 0.031477 0.711161 0.257362 0.031477 0.711161 
61 0.252346 0.0283981 0.719256 0.252346 0.0283981 0.719256 
62 0.250774 0.0309698 0.718256 0.250774 0.0309698 0.718256 
63 0.250367 0.0188264 0.730807 0.250367 0.0188264 0.730807 
64 0.255119 0.0236691 0.721212 0.255119 0.0236691 0.721212 
65 0.244389 0.0115512 0.744059 0.244389 0.0115512 0.744059 
66 0.250219 0.0198068 0.729975 0.250219 0.0198068 0.729975 
67 0.262457 0.0168277 0.720715 0.262457 0.0168277 0.720715 
68 0.259646 0.0194318 0.720922 0.259646 0.0194318 0.720922 
69 0.272727 0.0244019 0.702871 0.272727 0.0244019 0.702871 
70 0.273414 0.018187 0.708399 0.273414 0.018187 0.708399 
71 0.27411 0.0203883 0.705502 0.27411 0.0203883 0.705502 
72 0.270952 0.0251927 0.703855 0.270952 0.0251927 0.703855 
73 0.278397 0.0305144 0.691088 0.278397 0.0305144 0.691088 
74 0.269663 0.0181258 0.712211 0.269663 0.0181258 0.712211 
75 0.279251 0.0270983 0.693651 0.279251 0.0270983 0.693651 
76 0.265106 0.0299598 0.704934 0.265106 0.0299598 0.704934 
77 0.279384 0.0278831 0.692733 0.279384 0.0278831 0.692733 
78 0.283492 0.0305556 0.685952 0.283492 0.0305556 0.685952 
79 0.295519 0.0230346 0.681447 0.295519 0.0230346 0.681447 
80 0.287006 0.0186321 0.694362 0.287006 0.0186321 0.694362 
81 0.279373 0.0216768 0.698951 0.279373 0.0216768 0.698951 
82 0.276939 0.02 0.703061 0.276939 0.02 0.703061 
83 0.272718 0.0292162 0.698066 0.272718 0.0292162 0.698066 
84 0.291867 0.0275874 0.680545 0.291867 0.0275874 0.680545 
85 0.307405 0.0310918 0.661503 0.307405 0.0310918 0.661503 
86 0.297434 0.0288241 0.673742 0.297434 0.0288241 0.673742 
87 0.303524 0.0248452 0.671631 0.303524 0.0248452 0.671631 
88 0.298124 0.022035 0.679841 0.298124 0.022035 0.679841 
89 0.304684 0.0220628 0.673253 0.304684 0.0220628 0.673253 
90 0.292772 0.0264916 0.680736 0.292772 0.0264916 0.680736 
91 0.291283 0.0277647 0.680952 0.291283 0.0277647 0.680952 
92 0.289619 0.0234371 0.686944 0.289619 0.0234371 0.686944 
93 0.28216 0.0260664 0.691774 0.28216 0.0260664 0.691774 
94 0.276145 0.0221315 0.701723 0.276145 0.0221315 0.701723 
95 0.288084 0.0226415 0.689274 0.288084 0.0226415 0.689274 
96 0.278312 0.0306477 0.69104 0.278312 0.0306477 0.69104 
97 0.289656 0.0301101 0.680234 0.289656 0.0301101 0.680234 
98 0.28887 0.0227947 0.688335 0.28887 0.0227947 0.688335 
99 0.286132 0.0305687 0.683299 0.286132 0.0305687 0.683299 
100 0.273267 0.029976 0.696757 0.273267 0.029976 0.696757 
101 0.293414 0.0241923 0.682393 0.293414 0.0241923 0.682393 
102 0.283807 0.0339913 0.682201 0.283807 0.0339913 0.682201 
103 0.285826 0.017096 0.697078 0.285826 0.017096 0.697078 
104 0.280359 0.0263081 0.693333 0.280359 0.0263081 0.693333 
105 0.28212 0.0241128 0.693767 0.28212 0.0241128 0.693767 
106 0.289424 0.0208687 0.689707 0.289424 0.0208687 0.689707 
107 0.295084 0.0170272 0.687889 0.295084 0.0170272 0.687889 
108 0.303126 0.0222857 0.674588 0.303126 0.0222857 0.674588 
109 0.299057 0.0336478 0.667296 0.299057 0.0336478 0.667296 
110 0.302638 0.0316901 0.665672 0.302638 0.0316901 0.665672 
111 0.301843 0.0341103 0.664047 0.301843 0.0341103 0.664047 
112 0.287189 0.0235619 0.689249 0.287189 0.0235619 0.689249 
113 0.28364 0.0364447 0.679915 0.28364 0.0364447 0.679915 
114 0.2788 0.0354968 0.685703 0.2788 0.0354968 0.685703 
115 0.277271 0.0353934 0.687335 0.277271 0.0353934 0.687335 
116 0.262267 0.0365683 0.701165 0.262267 0.0365683 0.701165 
117 0.271715 0.0491807 0.679105 0.271715 0.0491807 0.679105 
118 0.267751 0.0425106 0.689738 0.267751 0.0425106 0.689738 
119 0.271618 0.0389874 0.689394 0.271618 0.0389874 0.689394 
120 0.264365 0.0346233 0.701011 0.264365 0.0346233 0.701011 
121 0.27386 0.0291118 0.697028 0.27386 0.0291118 0.697028 
122 0.257866 0.0316199 0.710514 0.257866 0.0316199 0.710514 
123 0.26014 0.0314685 0.708392 0.26014 0.0314685 0.708392 
124 0.268598 0.0428023 0.6886 0.268598 0.0428023 0.6886 
125 0.271362 0.0382839 0.690354 0.271362 0.0382839 0.690354 
126 0.259424 0.0405426 0.700033 0.259424 0.0405426 0.700033 
127 0.257823 0.0344262 0.707751 0.257823 0.0344262 0.707751 
128 0.2613 0.0426573 0.696043 0.2613 0.0426573 0.696043 
129 0.269003 0.0430781 0.687918 0.269003 0.0430781 0.687918 
130 0.27879 0.042737 0.678473 0.27879 0.042737 0.678473 
131 0.272708 0.0465732 0.680719 0.272708 0.0465732 0.680719 
132 0.269636 0.0441878 0.686176 0.269636 0.0441878 0.686176 
133 0.277629 0.0489594 0.673412 0.277629 0.0489594 0.673412 
134 0.278664 0.0354899 0.685846 0.278664 0.0354899 0.685846 
135 0.270307 0.0310021 0.698691 0.270307 0.0310021 0.698691 
136 0.296746 0.0338612 0.669392 0.296746 0.0338612 0.669392 
137 0.280041 0.033713 0.686246 0.280041 0.033713 0.686246 
138 0.276653 0.0334094 0.689938 0.276653 0.0334094 0.689938 
139 0.267261 0.041288 0.691451 0.267261 0.041288 0.691451 
140 0.278739 0.0354497 0.685811 0.278739 0.0354497 0.685811 
141 0.285 0.0285498 0.68645 0.285 0.0285498 0.68645 
142 0.29078 0.0252902 0.68393 0.29078 0.0252902 0.68393 
143 0.288579 0.0306441 0.680777 0.288579 0.0306441 0.680777 
144 0.294352 0.0321901 0.673458 0.294352 0.0321901 0.673458 
145 0.290635 0.0282321 0.681133 0.290635 0.0282321 0.681133 
146 0.286455 0.0406128 0.672932 0.286455 0.0406128 0.672932 
147 0.285867 0.0337346 0.680398 0.285867 0.0337346 0.680398 
148 0.277215 0.0387393 0.684046 0.277215 0.0387393 0.684046 
149 0.274366 0.0241677 0.701466 0.274366 0.0241677 0.701466 
150 0.277121 0.0279855 0.694894 0.277121 0.0279855 0.694894 
151 0.270244 0.0300971 0.699659 0.270244 0.0300971 0.699659 
152 0.267464 0.0323641 0.700172 0.267464 0.0323641 0.700172 
153 0.274619 0.0295355 0.695845 0.274619 0.0295355 0.695845 
154 0.284386 0.0307132 0.684901 0.284386 0.0307132 0.684901 
155 0.287392 0.0233195 0.689288 0.287392 0.0233195 0.689288 
156 0.276052 0.0316539 0.692294 0.276052 0.0316539 0.692294 
157 0.271335 0.0374922 0.691173 0.271335 0.0374922 0.691173 
158 0.273956 0.0364905 0.689553 0.273956 0.0364905 0.689553 
159 0.268364 0.0382089 0.693427 0.268364 0.0382089 0.693427 
160 0.273475 0.0314745 0.69505 0.273475 0.0314745 0.69505 
161 0.271689 0.0287694 0.699542 0.271689 0.0287694 0.699542 
162 0.279602 0.0304124 0.689986 0.279602 0.0304124 0.689986 
163 0.280968 0.0337982 0.685234 0.280968 0.0337982 0.685234 
164 0.281347 0.0316267 0.687027 0.281347 0.0316267 0.687027 
165 0.279396 0.0329678 0.687636 0.279396 0.0329678 0.687636 
166 0.279267 0.0361833 0.68455 0.279267 0.0361833 0.68455 
167 0.287975 0.0353279 0.676697 0.287975 0.0353279 0.676697 
168 0.288699 0.0336303 0.67767 0.288699 0.0336303 0.67767 
169 0.283785 0.0262994 0.689916 0.283785 0.0262994 0.689916 
170 0.270267 0.0278348 0.701899 0.270267 0.0278348 0.701899 
171 0.281097 0.0231794 0.695724 0.281097 0.0231794 0.695724 
172 0.286765 0.0284213 0.684814 0.286765 0.0284213 0.684814 
173 0.287853 0.0248735 0.687274 0.287853 0.0248735 0.687274 
174 0.273285 0.0304961 0.696219 0.273285 0.0304961 0.696219 
175 0.278499 0.037029 0.684472 0.278499 0.037029 0.684472 
176 0.267213 0.0324211 0.700366 0.267213 0.0324211 0.700366 
177 0.268593 0.0262845 0.705122 0.268593 0.0262845 0.705122 
178 0.266718 0.0355351 0.697747 0.266718 0.0355351 0.697747 
179 0.26425 0.0332094 0.702541 0.26425 0.0332094 0.702541 
180 0.253096 0.0326763 0.714228 0.253096 0.0326763 0.714228 
181 0.270739 0.0264515 0.702809 0.270739 0.0264515 0.702809 
182 0.275041 0.0288083 0.696151 0.275041 0.0288083 0.696151 
183 0.266867 0.0340566 0.699076 0.266867 0.0340566 0.699076 
184 0.273872 0.0316304 0.694498 0.273872 0.0316304 0.694498 
185 0.275593 0.0429087 0.681499 0.275593 0.0429087 0.681499 
186 0.28337 0.0339533 0.682677 0.28337 0.0339533 0.682677 
187 0.279902 0.042996 0.677102 0.279902 0.042996 0.677102 
188 0.297528 0.0260835 0.676389 0.297528 0.0260835 0.676389 
189 0.291807 0.0254315 0.682761 0.291807 0.0254315 0.682761 
190 0.297973 0.0317946 0.670233 0.297973 0.0317946 0.670233 
191 0.297711 0.0340758 0.668213 0.297711 0.0340758 0.668213 
192 0.298083 0.0302178 0.671699 0.298083 0.0302178 0.671699 
193 0.302686 0.0287907 0.668524 0.302686 0.0287907 0.668524 
194 0.306615 0.0346014 0.658784 0.306615 0.0346014 0.658784 
195 0.318269 0.0282925 0.653438 0.318269 0.0282925 0.653438 
196 0.317336 0.0380184 0.644646 0.317336 0.0380184 0.644646 
197 0.311867 0.0373751 0.650758 0.311867 0.0373751 0.650758 
198 0.296142 0.0347074 0.669151 0.296142 0.0347074 0.669151 
199 0.298827 0.032253 0.66892 0.298827 0.032253 0.66892 
200 0.300493 0.0391617 0.660346 0.300493 0.0391617 0.660346 
201 0.301832 0.0439711 0.654197 0.301832 0.0439711 0.654197 
202 0.311943 0.0443437 0.643713 0.311943 0.0443437 0.643713 
203 0.31352 0.0314398 0.65504 0.31352 0.0314398 0.65504 
204 0.324474 0.036536 0.638991 0.324474 0.036536 0.638991 
205 0.325063 0.0450545 0.629883 0.325063 0.0450545 0.629883 
206 0.325137 0.0486107 0.626252 0.325137 0.0486107 0.626252 
207 0.322041 0.0424168 0.635542 0.322041 0.0424168 0.635542 
208 0.331541 0.0411274 0.627331 0.331541 0.0411274 0.627331 
209 0.330952 0.0446326 0.624415 0.330952 0.0446326 0.624415 
210 0.32665 0.0489705 0.624379 0.32665 0.0489705 0.624379 
211 0.332818 0.0426314 0.62455 0.332818 0.0426314 0.62455 
212 0.334643 0.0321273 0.633229 0.334643 0.0321273 0.633229 
213 0.335673 0.0376159 0.626711 0.335673 0.0376159 0.626711 
214 0.32377 0.0424318 0.633798 0.32377 0.0424318 0.633798 
215 0.329242 0.0428762 0.627882 0.329242 0.0428762 0.627882 
216 0.334406 0.038473 0.627121 0.334406 0.038473 0.627121 
217 0.340562 0.0392943 0.620144 0.340562 0.0392943 0.620144 
218 0.325166 0.0439627 0.630871 0.325166 0.0439627 0.630871 
219 0.31767 0.0338248 0.648505 0.31767 0.0338248 0.648505 
220 0.319347 0.0460508 0.634602 0.319347 0.0460508 0.634602 
221 0.318104 0.0428917 0.639004 0.318104 0.0428917 0.639004 
222 0.319818 0.0427377 0.637444 0.319818 0.0427377 0.637444 
223 0.323558 0.0390834 0.637358 0.323558 0.0390834 0.637358 
224 0.316775 0.0296998 0.653526 0.316775 0.0296998 0.653526 
225 0.330781 0.0346336 0.634585 0.330781 0.0346336 0.634585 
226 0.325495 0.0433717 0.631134 0.325495 0.0433717 0.631134 
227 0.319843 0.0384344 0.641723 0.319843 0.0384344 0.641723 
228 0.31303 0.0412264 0.645743 0.31303 0.0412264 0.645743 
229 0.311283 0.040471 0.648246 0.311283 0.040471 0.648246 
230 0.31471 0.0449741 0.640316 0.31471 0.0449741 0.640316 
231 0.32323 0.0393279 0.637442 0.32323 0.0393279 0.637442 
232 0.323131 0.0386383 0.638231 0.323131 0.0386383 0.638231 
233 0.314569 0.036957 0.648474 0.314569 0.036957 0.648474 
234 0.31119 0.0309418 0.657868 0.31119 0.0309418 0.657868 
235 0.328707 0.0353218 0.635971 0.328707 0.0353218 0.635971 
236 0.327284 0.0314826 0.641234 0.327284 0.0314826 0.641234 
237 0.335281 0.0276911 0.637028 0.335281 0.0276911 0.637028 
238 0.333618 0.0322792 0.634103 0.333618 0.0322792 0.634103 
239 0.332016 0.0321769 0.635807 0.332016 0.0321769 0.635807 
240 0.322847 0.0393957 0.637757 0.322847 0.0393957 0.637757 
241 0.323538 0.0420099 0.634452 0.323538 0.0420099 0.634452 
242 0.329405 0.0419872 0.628608 0.329405 0.0419872 0.628608 
243 0.32584 0.0421894 0.63197 0.32584 0.0421894 0.63197 
244 0.318997 0.042494 0.638508 0.318997 0.042494 0.638508 
245 0.321661 0.0417261 0.636613 0.321661 0.0417261 0.636613 
246 0.325624 0.0446506 0.629726 0.325624 0.0446506 0.629726 
247 0.336898 0.0511801 0.611922 0.336898 0.0511801 0.611922 
248 0.328499 0.0412906 0.630211 0.328499 0.0412906 0.630211 
249 0.328898 0.0391977 0.631904 0.328898 0.0391977 0.631904 
250 0.319002 0.0364192 0.644578 0.319002 0.0364192 0.644578 
251 0.326641 0.0306339 0.642725 0.326641 0.0306339 0.642725 
252 0.315152 0.0342048 0.650643 0.315152 0.0342048 0.650643 
253 0.315841 0.0423697 0.64179 0.315841 0.0423697 0.64179 
254 0.321493 0.0405154 0.637991 0.321493 0.0405154 0.637991 
255 0.32883 0.0373154 0.633855 0.32883 0.0373154 0.633855 
256 0.334207 0.0350917 0.630701 0.334207 0.0350917 0.630701 
257 0.337237 0.0401414 0.622622 0.337237 0.0401414 0.622622 
258 0.333168 0.0478409 0.618991 0.333168 0.0478409 0.618991 
259 0.341169 0.0347869 0.624044 0.341169 0.0347869 0.624044 
260 0.328357 0.0384747 0.633169 0.328357 0.0384747 0.633169 
261 0.321316 0.0483661 0.630317 0.321316 0.0483661 0.630317 
262 0.332264 0.0387475 0.628989 0.332264 0.0387475 0.628989 
263 0.337462 0.0411685 0.621369 0.337462 0.0411685 0.621369 
264 0.338116 0.0332182 0.628666 0.338116 0.0332182 0.628666 
265 0.349215 0.0360108 0.614774 0.349215 0.0360108 0.614774 
266 0.351182 0.0310597 0.617758 0.351182 0.0310597 0.617758 
267 0.355315 0.0339273 0.610757 0.355315 0.0339273 0.610757 
268 0.347632 0.0312618 0.621106 0.347632 0.0312618 0.621106 
269 0.34152 0.0375656 0.620914 0.34152 0.0375656 0.620914 
270 0.341555 0.0351266 0.623318 0.341555 0.0351266 0.623318 
271 0.34266 0.0312746 0.626065 0.34266 0.0312746 0.626065 
272 0.340716 0.036668 0.622616 0.340716 0.036668 0.622616 
273 0.343686 0.0384608 0.617853 0.343686 0.0384608 0.617853 
274 0.330862 0.0382023 0.630935 0.330862 0.0382023 0.630935 
275 0.328372 0.0304439 0.641184 0.328372 0.0304439 0.641184 
276 0.336366 0.0325585 0.631076 0.336366 0.0325585 0.631076 
277 0.331193 0.0326472 0.63616 0.331193 0.0326472 0.63616 
278 0.341476 0.0417648 0.616759 0.341476 0.0417648 0.616759 
279 0.336644 0.0450252 0.618331 0.336644 0.0450252 0.618331 
280 0.338489 0.039026 0.622484 0.338489 0.039026 0.622484 
281 0.335171 0.0424741 0.622354 0.335171 0.0424741 0.622354 
282 0.348219 0.0471395 0.604642 0.348219 0.0471395 0.604642 
283 0.344822 0.0375861 0.617592 0.344822 0.0375861 0.617592 
284 0.33671 0.0299327 0.633357 0.33671 0.0299327 0.633357 
285 0.342144 0.035308 0.622548 0.342144 0.035308 0.622548 
286 0.335357 0.0425614 0.622081 0.335357 0.0425614 0.622081 
287 0.346259 0.0461342 0.607607 0.346259 0.0461342 0.607607 
288 0.330533 0.049545 0.619922 0.330533 0.049545 0.619922 
289 0.325177 0.0432233 0.6316 0.325177 0.0432233 0.6316 
290 0.327668 0.0501859 0.622146 0.327668 0.0501859 0.622146 
291 0.323839 0.0392754 0.636886 0.323839 0.0392754 0.636886 
292 0.323792 0.0416812 0.634526 0.323792 0.0416812 0.634526 
293 0.336097 0.0383935 0.62551 0.336097 0.0383935 0.62551 
294 0.340834 0.0342655 0.624901 0.340834 0.0342655 0.624901 
295 0.336942 0.0484334 0.614625 0.336942 0.0484334 0.614625 
296 0.330205 0.0384356 0.631359 0.330205 0.0384356 0.631359 
297 0.331184 0.0430407 0.625776 0.331184 0.0430407 0.625776 
298 0.345768 0.0364824 0.61775 0.345768 0.0364824 0.61775 
299 0.331617 0.034888 0.633495 0.331617 0.034888 0.633495 
300 0.336918 0.036582 0.6265 0.336918 0.036582 0.6265 
301 0.340073 0.0424285 0.617498 0.340073 0.0424285 0.617498 
302 0.344448 0.0382867 0.617265 0.344448 0.0382867 0.617265 
303 0.343766 0.0372981 0.618935 0.343766 0.0372981 0.618935 
304 0.332963 0.0402929 0.626744 0.332963 0.0402929 0.626744 
305 0.336993 0.0365716 0.626435 0.336993 0.0365716 0.626435 
306 0.335883 0.0418559 0.622261 0.335883 0.0418559 0.622261 
307 0.335482 0.0392755 0.625243 0.335482 0.0392755 0.625243 
308 0.345431 0.0420242 0.612544 0.345431 0.0420242 0.612544 
309 0.351402 0.0443065 0.604292 0.351402 0.0443065 0.604292 
310 0.346358 0.0472583 0.606384 0.346358 0.0472583 0.606384 
311 0.347029 0.0449553 0.608015 0.347029 0.0449553 0.608015 
312 0.344549 0.0490174 0.606433 0.344549 0.0490174 0.606433 
313 0.337236 0.0508813 0.611882 0.337236 0.0508813 0.611882 
314 0.357145 0.0508157 0.59204 0.357145 0.0508157 0.59204 
315 0.344942 0.0532276 0.60183 0.344942 0.0532276 0.60183 
316 0.355663 0.0560522 0.588285 0.355663 0.0560522 0.588285 
317 0.352124 0.0561868 0.59169 0.352124 0.0561868 0.59169 
318 0.357999 0.0536093 0.588392 0.357999 0.0536093 0.588392 
319 0.361242 0.0506847 0.588073 0.361242 0.0506847 0.588073 
320 0.368561 0.0554925 0.575947 0.368561 0.0554925 0.575947 
321 0.350668 0.0521765 0.597155 0.350668 0.0521765 0.597155 
322 0.360244 0.0521625 0.587593 0.360244 0.0521625 0.587593 
323 0.355787 0.0538549 0.590358 0.355787 0.0538549 0.590358 
324 0.360746 0.0508926 0.588361 0.360746 0.0508926 0.588361 
325 0.366108 0.0455728 0.58832 0.366108 0.0455728 0.58832 
326 0.354259 0.0481285 0.597612 0.354259 0.0481285 0.597612 
327 0.369314 0.043273 0.587412 0.369314 0.043273 0.587412 
328 0.357836 0.0394945 0.602669 0.357836 0.0394945 0.602669 
329 0.366913 0.0399861 0.593101 0.366913 0.0399861 0.593101 
330 0.349182 0.0456024 0.605215 0.349182 0.0456024 0.605215 
331 0.353743 0.0468971 0.59936 0.353743 0.0468971 0.59936 
332 0.349986 0.0494782 0.600535 0.349986 0.0494782 0.600535 
333 0.358923 0.0541768 0.5869 0.358923 0.0541768 0.5869 
334 0.349764 0.0568423 0.593394 0.349764 0.0568423 0.593394 
335 0.350391 0.0510638 0.598545 0.350391 0.0510638 0.598545 
336 0.350122 0.0485785 0.6013 0.350122 0.0485785 0.6013 
337 0.341715 0.0490891 0.609196 0.341715 0.0490891 0.609196 
338 0.351655 0.0525806 0.595764 0.351655 0.0525806 0.595764 
339 0.358306 0.0479027 0.593791 0.358306 0.0479027 0.593791 
340 0.34972 0.0537342 0.596546 0.34972 0.0537342 0.596546 
341 0.35382 0.0441277 0.602052 0.35382 0.0441277 0.602052 
342 0.347803 0.0483453 0.603852 0.347803 0.0483453 0.603852 
343 0.348921 0.0456035 0.605476 0.348921 0.0456035 0.605476 
344 0.344053 0.0546291 0.601318 0.344053 0.0546291 0.601318 
345 0.338781 0.0562341 0.604985 0.338781 0.0562341 0.604985 
346 0.334553 0.0534846 0.611963 0.334553 0.0534846 0.611963 
347 0.35416 0.0465158 0.599324 0.35416 0.0465158 0.599324 
348 0.347043 0.0547687 0.598189 0.347043 0.0547687 0.598189 
349 0.357401 0.0513477 0.591251 0.357401 0.0513477 0.591251 
350 0.364635 0.0497058 0.58566 0.364635 0.0497058 0.58566 
351 0.367914 0.0560768 0.576009 0.367914 0.0560768 0.576009 
352 0.358271 0.0483154 0.593414 0.358271 0.0483154 0.593414 
353 0.361687 0.0536285 0.584685 0.361687 0.0536285 0.584685 
354 0.373566 0.0550952 0.571339 0.373566 0.0550952 0.571339 
355 0.371961 0.0482488 0.57979 0.371961 0.0482488 0.57979 
356 0.374103 0.0538546 0.572042 0.374103 0.0538546 0.572042 
357 0.372332 0.0515941 0.576073 0.372332 0.0515941 0.576073 
358 0.35764 0.0520831 0.590277 0.35764 0.0520831 0.590277 
359 0.365498 0.0514542 0.583048 0.365498 0.0514542 0.583048 
360 0.349339 0.0645402 0.586121 0.349339 0.0645402 0.586121 
361 0.350895 0.0574542 0.591651 0.350895 0.0574542 0.591651 
362 0.341741 0.0540451 0.604214 0.341741 0.0540451 0.604214 
363 0.346539 0.051557 0.601904 0.346539 0.051557 0.601904 
364 0.348199 0.0564531 0.595348 0.348199 0.0564531 0.595348 
365 0.342655 0.053917 0.603428 0.342655 0.053917 0.603428 
366 0.344951 0.0502432 0.604805 0.344951 0.0502432 0.604805 
367 0.347114 0.0469678 0.605918 0.347114 0.0469678 0.605918 
368 0.346068 0.0516396 0.602293 0.346068 0.0516396 0.602293 
369 0.352409 0.0454638 0.602127 0.352409 0.0454638 0.602127 
370 0.350321 0.0439809 0.605698 0.350321 0.0439809 0.605698 
371 0.352125 0.0474331 0.600442 0.352125 0.0474331 0.600442 
372 0.358523 0.0393285 0.602148 0.358523 0.0393285 0.602148 
373 0.363262 0.0448301 0.591908 0.363262 0.0448301 0.591908 
374 0.353355 0.0449111 0.601734 0.353355 0.0449111 0.601734 
375 0.350186 0.0506175 0.599196 0.350186 0.0506175 0.599196 
376 0.348879 0.0501506 0.600971 0.348879 0.0501506 0.600971 
377 0.346904 0.0517781 0.601318 0.346904 0.0517781 0.601318 
378 0.351461 0.0523365 0.596203 0.351461 0.0523365 0.596203 
379 0.361168 0.0471631 0.591669 0.361168 0.0471631 0.591669 
380 0.357501 0.0526826 0.589816 0.357501 0.0526826 0.589816 
381 0.347497 0.0511108 0.601392 0.347497 0.0511108 0.601392 
382 0.349852 0.048824 0.601324 0.349852 0.048824 0.601324 
383 0.3532 0.0454109 0.601389 0.3532 0.0454109 0.601389 
384 0.349677 0.0493077 0.601015 0.349677 0.0493077 0.601015 
385 0.352279 0.0513868 0.596334 0.352279 0.0513868 0.596334 
386 0.345072 0.0502855 0.604643 0.345072 0.0502855 0.604643 
387 0.345074 0.0488723 0.606054 0.345074 0.0488723 0.606054 
388 0.354189 0.0490945 0.596717 0.354189 0.0490945 0.596717 
389 0.338073 0.0549013 0.607025 0.338073 0.0549013 0.607025 
390 0.354444 0.0538761 0.591679 0.354444 0.0538761 0.591679 
391 0.348107 0.0519433 0.599949 0.348107 0.0519433 0.599949 
392 0.349494 0.0455887 0.604917 0.349494 0.0455887 0.604917 
393 0.356063 0.0410649 0.602872 0.356063 0.0410649 0.602872 
394 0.350537 0.0494422 0.600021 0.350537 0.0494422 0.600021 
395 0.353003 0.0537037 0.593293 0.353003 0.0537037 0.593293 
396 0.353556 0.0529994 0.593445 0.353556 0.0529994 0.593445 
397 0.34525 0.0520037 0.602746 0.34525 0.0520037 0.602746 
398 0.341824 0.0521878 0.605988 0.341824 0.0521878 0.605988 
399 0.35158 0.0464054 0.602014 0.35158 0.0464054 0.602014 
400 0.365712 0.0444547 0.589833 0.365712 0.0444547 0.589833 
401 0.345161 0.0494197 0.605419 0.345161 0.0494197 0.605419 
402 0.355578 0.0529469 0.591475 0.355578 0.0529469 0.591475 
403 0.349636 0.0531537 0.59721 0.349636 0.0531537 0.59721 
404 0.361026 0.0529265 0.586047 0.361026 0.0529265 0.586047 
405 0.350939 0.0535231 0.595538 0.350939 0.0535231 0.595538 
406 0.350787 0.0482346 0.600979 0.350787 0.0482346 0.600979 
407 0.336258 0.0565658 0.607176 0.336258 0.0565658 0.607176 
408 0.342427 0.0522157 0.605358 0.342427 0.0522157 0.605358 
409 0.354475 0.04378 0.601745 0.354475 0.04378 0.601745 
410 0.347895 0.0442322 0.607873 0.347895 0.0442322 0.607873 
411 0.344249 0.0420531 0.613698 0.344249 0.0420531 0.613698 
412 0.345815 0.045582 0.608603 0.345815 0.045582 0.608603 
413 0.347423 0.0536321 0.598945 0.347423 0.0536321 0.598945 
414 0.343663 0.0432514 0.613086 0.343663 0.0432514 0.613086 
415 0.346388 0.053451 0.600161 0.346388 0.053451 0.600161 
416 0.348618 0.0510167 0.600365 0.348618 0.0510167 0.600365 
417 0.357026 0.0525047 0.590469 0.357026 0.0525047 0.590469 
418 0.333631 0.0553924 0.610977 0.333631 0.0553924 0.610977 
419 0.33658 0.0528352 0.610585 0.33658 0.0528352 0.610585 
420 0.331879 0.059802 0.608319 0.331879 0.059802 0.608319 
421 0.327791 0.0615319 0.610677 0.327791 0.0615319 0.610677 
422 0.339744 0.0547363 0.60552 0.339744 0.0547363 0.60552 
423 0.343826 0.052105 0.604069 0.343826 0.052105 0.604069 
424 0.335659 0.0540997 0.610241 0.335659 0.0540997 0.610241 
425 0.339837 0.0524911 0.607671 0.339837 0.0524911 0.607671 
426 0.345068 0.0506077 0.604325 0.345068 0.0506077 0.604325 
427 0.338925 0.0504567 0.610619 0.338925 0.0504567 0.610619 
428 0.338862 0.0561249 0.605013 0.338862 0.0561249 0.605013 
429 0.345734 0.0618515 0.592415 0.345734 0.0618515 0.592415 
430 0.331339 0.0558578 0.612803 0.331339 0.0558578 0.612803 
431 0.335507 0.0594588 0.605034 0.335507 0.0594588 0.605034 
432 0.340302 0.0557296 0.603968 0.340302 0.0557296 0.603968 
433 0.337574 0.0527312 0.609695 0.337574 0.0527312 0.609695 
434 0.350763 0.0531712 0.596066 0.350763 0.0531712 0.596066 
435 0.347195 0.0552824 0.597523 0.347195 0.0552824 0.597523 
436 0.338408 0.0609361 0.600656 0.338408 0.0609361 0.600656 
437 0.34867 0.0578 0.59353 0.34867 0.0578 0.59353 
438 0.329171 0.0643216 0.606508 0.329171 0.0643216 0.606508 
439 0.334139 0.0541679 0.611693 0.334139 0.0541679 0.611693 
440 0.332121 0.0504993 0.617379 0.332121 0.0504993 0.617379 
441 0.327331 0.0530944 0.619575 0.327331 0.0530944 0.619575 
442 0.321869 0.0571019 0.621029 0.321869 0.0571019 0.621029 
443 0.337489 0.0530877 0.609423 0.337489 0.0530877 0.609423 
444 0.342426 0.0533323 0.604241 0.342426 0.0533323 0.604241 
445 0.332483 0.0576965 0.60982 0.332483 0.0576965 0.60982 
446 0.338885 0.05182 0.609295 0.338885 0.05182 0.609295 
447 0.340642 0.0552083 0.60415 0.340642 0.0552083 0.60415 
448 0.347458 0.0558613 0.596681 0.347458 0.0558613 0.596681 
449 0.341174 0.0574881 0.601338 0.341174 0.0574881 0.601338 
450 0.326747 0.0589901 0.614263 0.326747 0.0589901 0.614263 
451 0.339672 0.0515564 0.608771 0.339672 0.0515564 0.608771 
452 0.334606 0.0672853 0.598108 0.334606 0.0672853 0.598108 
453 0.339184 0.062299 0.598517 0.339184 0.062299 0.598517 
454 0.333086 0.0582077 0.608706 0.333086 0.0582077 0.608706 
455 0.328647 0.0537771 0.617576 0.328647 0.0537771 0.617576 
456 0.332937 0.0570443 0.610018 0.332937 0.0570443 0.610018 
457 0.340945 0.0579978 0.601057 0.340945 0.0579978 0.601057 
458 0.337575 0.0573232 0.605102 0.337575 0.0573232 0.605102 
459 0.334698 0.0525798 0.612722 0.334698 0.0525798 0.612722 
460 0.337338 0.0569975 0.605665 0.337338 0.0569975 0.605665 
461 0.349514 0.057314 0.593172 0.349514 0.057314 0.593172 
462 0.332263 0.0637878 0.60395 0.332263 0.0637878 0.60395 
463 0.338965 0.0551043 0.605931 0.338965 0.0551043 0.605931 
464 0.331896 0.0685064 0.599597 0.331896 0.0685064 0.599597 
465 0.341754 0.0608735 0.597373 0.341754 0.0608735 0.597373 
466 0.333995 0.0692503 0.596755 0.333995 0.0692503 0.596755 
467 0.327552 0.0676129 0.604836 0.327552 0.0676129 0.604836 
468 0.33562 0.0665131 0.597867 0.33562 0.0665131 0.597867 
469 0.337533 0.0657902 0.596677 0.337533 0.0657902 0.596677 
470 0.329251 0.0765882 0.594161 0.329251 0.0765882 0.594161 
471 0.342101 0.0598444 0.598054 0.342101 0.0598444 0.598054 
472 0.335837 0.0697834 0.59438 0.335837 0.0697834 0.59438 
473 0.340003 0.0684566 0.591541 0.340003 0.0684566 0.591541 
474 0.342186 0.0599885 0.597826 0.342186 0.0599885 0.597826 
475 0.348077 0.0597878 0.592135 0.348077 0.0597878 0.592135 
476 0.336401 0.0590188 0.604581 0.336401 0.0590188 0.604581 
477 0.342011 0.061878 0.596111 0.342011 0.061878 0.596111 
478 0.342487 0.0519061 0.605607 0.342487 0.0519061 0.605607 
479 0.337774 0.0492317 0.612994 0.337774 0.0492317 0.612994 
480 0.330514 0.0550281 0.614457 0.330514 0.0550281 0.614457 
481 0.338339 0.0538337 0.607827 0.338339 0.0538337 0.607827 
482 0.342256 0.0526656 0.605078 0.342256 0.0526656 0.605078 
483 0.332838 0.0548687 0.612293 0.332838 0.0548687 0.612293 
484 0.344433 0.047077 0.60849 0.344433 0.047077 0.60849 
485 0.32623 0.0538901 0.61988 0.32623 0.0538901 0.61988 
486 0.330581 0.0539887 0.61543 0.330581 0.0539887 0.61543 
487 0.328726 0.0610482 0.610226 0.328726 0.0610482 0.610226 
488 0.32259 0.0653015 0.612108 0.32259 0.0653015 0.612108 
489 0.329318 0.0616239 0.609058 0.329318 0.0616239 0.609058 
490 0.329661 0.0692338 0.601105 0.329661 0.0692338 0.601105 
491 0.32504 0.0568433 0.618116 0.32504 0.0568433 0.618116 
492 0.325734 0.0539028 0.620363 0.325734 0.0539028 0.620363 
493 0.324595 0.0519368 0.623469 0.324595 0.0519368 0.623469 
494 0.320447 0.0529933 0.62656 0.320447 0.0529933 0.62656 
495 0.322282 0.0597325 0.617985 0.322282 0.0597325 0.617985 
496 0.323675 0.0607496 0.615575 0.323675 0.0607496 0.615575 
497 0.322875 0.0684826 0.608643 0.322875 0.0684826 0.608643 
498 0.320682 0.0609873 0.61833 0.320682 0.0609873 0.61833 
499 0.327651 0.0681689 0.60418 0.327651 0.0681689 0.60418 
500 0.328483 0.0617555 0.609761 0.328483 0.0617555 0.609761 
501 0.319533 0.0552888 0.625179 0.319533 0.0552888 0.625179 
502 0.334365 0.0577959 0.607839 0.334365 0.0577959 0.607839 
503 0.343386 0.0543546 0.60226 0.343386 0.0543546 0.60226 
504 0.32763 0.0593678 0.613002 0.32763 0.0593678 0.613002 
505 0.341917 0.0652811 0.592802 0.341917 0.0652811 0.592802 
506 0.33114 0.0690661 0.599794 0.33114 0.0690661 0.599794 
507 0.320356 0.0648771 0.614767 0.320356 0.0648771 0.614767 
508 0.32003 0.0631546 0.616816 0.32003 0.0631546 0.616816 
509 0.322974 0.0643446 0.612682 0.322974 0.0643446 0.612682 
510 0.319865 0.0641765 0.615958 0.319865 0.0641765 0.615958 
511 0.326944 0.0631299 0.609927 0.326944 0.0631299 0.609927 
512 0.331826 0.0618318 0.606342 0.331826 0.0618318 0.606342 
513 0.330711 0.064093 0.605196 0.330711 0.064093 0.605196 
514 0.333449 0.0598281 0.606723 0.333449 0.0598281 0.606723 
515 0.331966 0.066317 0.601717 0.331966 0.066317 0.601717 
516 0.330507 0.0666315 0.602861 0.330507 0.0666315 0.602861 
517 0.334039 0.0725977 0.593363 0.334039 0.0725977 0.593363 
518 0.332534 0.0539781 0.613488 0.332534 0.0539781 0.613488 
519 0.331554 0.0635687 0.604878 0.331554 0.0635687 0.604878 
520 0.321704 0.0639849 0.614311 0.321704 0.0639849 0.614311 
521 0.329046 0.0592678 0.611686 0.329046 0.0592678 0.611686 
522 0.333021 0.0604659 0.606513 0.333021 0.0604659 0.606513 
523 0.348366 0.054178 0.597456 0.348366 0.054178 0.597456 
524 0.344308 0.0551018 0.60059 0.344308 0.0551018 0.60059 
525 0.345373 0.0566483 0.597978 0.345373 0.0566483 0.597978 
526 0.349364 0.0545241 0.596112 0.349364 0.0545241 0.596112 
527 0.346598 0.0536346 0.599767 0.346598 0.0536346 0.599767 
528 0.334609 0.0505495 0.614842 0.334609 0.0505495 0.614842 
529 0.335038 0.0566823 0.60828 0.335038 0.0566823 0.60828 
530 0.329011 0.0566691 0.61432 0.329011 0.0566691 0.61432 
531 0.343336 0.0536405 0.603024 0.343336 0.0536405 0.603024 
532 0.334084 0.0551323 0.610783 0.334084 0.0551323 0.610783 
533 0.341289 0.0519096 0.606802 0.341289 0.0519096 0.606802 
534 0.347509 0.0498299 0.602661 0.347509 0.0498299 0.602661 
535 0.340121 0.0509428 0.608936 0.340121 0.0509428 0.608936 
536 0.347125 0.0512308 0.601644 0.347125 0.0512308 0.601644 
537 0.339011 0.0541819 0.606807 0.339011 0.0541819 0.606807 
538 0.332126 0.057516 0.610358 0.332126 0.057516 0.610358 
539 0.33567 0.0577228 0.606607 0.33567 0.0577228 0.606607 
540 0.338759 0.051712 0.609529 0.338759 0.051712 0.609529 
541 0.331087 0.0519833 0.61693 0.331087 0.0519833 0.61693 
542 0.349193 0.048893 0.601914 0.349193 0.048893 0.601914 
543 0.339207 0.0601939 0.600599 0.339207 0.0601939 0.600599 
544 0.33867 0.0540785 0.607252 0.33867 0.0540785 0.607252 
545 0.331304 0.0604557 0.608241 0.331304 0.0604557 0.608241 
546 0.334884 0.0588445 0.606271 0.334884 0.0588445 0.606271 
547 0.331018 0.0587095 0.610273 0.331018 0.0587095 0.610273 
548 0.33087 0.0523293 0.616801 0.33087 0.0523293 0.616801 
549 0.330232 0.055475 0.614293 0.330232 0.055475 0.614293 
550 0.338667 0.0515788 0.609754 0.338667 0.0515788 0.609754 
551 0.332654 0.0556201 0.611726 0.332654 0.0556201 0.611726 
552 0.317715 0.0636467 0.618638 0.317715 0.0636467 0.618638 
553 0.326255 0.0558094 0.617936 0.326255 0.0558094 0.617936 
554 0.334015 0.0522076 0.613778 0.334015 0.0522076 0.613778 
555 0.322814 0.0591481 0.618037 0.322814 0.0591481 0.618037 
556 0.333234 0.0570297 0.609736 0.333234 0.0570297 0.609736 
557 0.338545 0.0541582 0.607297 0.338545 0.0541582 0.607297 
558 0.343295 0.0552927 0.601413 0.343295 0.0552927 0.601413 
559 0.336382 0.0544713 0.609147 0.336382 0.0544713 0.609147 
560 0.33992 0.055885 0.604195 0.33992 0.055885 0.604195 
561 0.334055 0.0564351 0.60951 0.334055 0.0564351 0.60951 
562 0.335435 0.0640541 0.600511 0.335435 0.0640541 0.600511 
563 0.338707 0.0601624 0.601131 0.338707 0.0601624 0.601131 
564 0.339161 0.0524215 0.608418 0.339161 0.0524215 0.608418 
565 0.339597 0.0556059 0.604797 0.339597 0.0556059 0.604797 
566 0.342962 0.055323 0.601715 0.342962 0.055323 0.601715 
567 0.333744 0.0572056 0.609051 0.333744 0.0572056 0.609051 
568 0.326148 0.0588138 0.615038 0.326148 0.0588138 0.615038 
569 0.345786 0.0637552 0.590459 0.345786 0.0637552 0.590459 
570 0.348073 0.0637978 0.588129 0.348073 0.0637978 0.588129 
571 0.346008 0.0620177 0.591974 0.346008 0.0620177 0.591974 
572 0.341472 0.0706618 0.587867 0.341472 0.0706618 0.587867 
573 0.326459 0.0618637 0.611677 0.326459 0.0618637 0.611677 
574 0.342638 0.0542875 0.603074 0.342638 0.0542875 0.603074 
575 0.348507 0.0501584 0.601334 0.348507 0.0501584 0.601334 
576 0.343121 0.05062 0.606259 0.343121 0.05062 0.606259 
577 0.343556 0.048669 0.607775 0.343556 0.048669 0.607775 
578 0.359637 0.049755 0.590608 0.359637 0.049755 0.590608 
579 0.354864 0.0481632 0.596973 0.354864 0.0481632 0.596973 
580 0.343273 0.0484212 0.608306 0.343273 0.0484212 0.608306 
581 0.359491 0.0448472 0.595661 0.359491 0.0448472 0.595661 
582 0.345612 0.0492286 0.60516 0.345612 0.0492286 0.60516 
583 0.347322 0.0533414 0.599336 0.347322 0.0533414 0.599336 
584 0.349284 0.0471809 0.603535 0.349284 0.0471809 0.603535 
585 0.350025 0.0497817 0.600193 0.350025 0.0497817 0.600193 
586 0.343113 0.0618546 0.595033 0.343113 0.0618546 0.595033 
587 0.342439 0.0573505 0.60021 0.342439 0.0573505 0.60021 
588 0.342805 0.0637967 0.593399 0.342805 0.0637967 0.593399 
589 0.343872 0.0631587 0.592969 0.343872 0.0631587 0.592969 
590 0.35325 0.0492728 0.597478 0.35325 0.0492728 0.597478 
591 0.336579 0.0474454 0.615976 0.336579 0.0474454 0.615976 
592 0.344881 0.0496014 0.605518 0.344881 0.0496014 0.605518 
593 0.334702 0.0510403 0.614258 0.334702 0.0510403 0.614258 
594 0.333339 0.0514784 0.615183 0.333339 0.0514784 0.615183 
595 0.336405 0.0554116 0.608183 0.336405 0.0554116 0.608183 
596 0.333161 0.0564156 0.610423 0.333161 0.0564156 0.610423 
597 0.319155 0.0593275 0.621517 0.319155 0.0593275 0.621517 
598 0.327358 0.0539132 0.618729 0.327358 0.0539132 0.618729 
599 0.331298 0.0587986 0.609904 0.331298 0.0587986 0.609904 
600 0.32908 0.0746168 0.596303 0.32908 0.0746168 0.596303 
601 0.34226 0.0697084 0.588031 0.34226 0.0697084 0.588031 
602 0.328774 0.0617068 0.609519 0.328774 0.0617068 0.609519 
603 0.332681 0.0672951 0.600024 0.332681 0.0672951 0.600024 
604 0.32803 0.0686627 0.603307 0.32803 0.0686627 0.603307 
605 0.330985 0.0592211 0.609794 0.330985 0.0592211 0.609794 
606 0.33751 0.055703 0.606787 0.33751 0.055703 0.606787 
607 0.341135 0.0583385 0.600526 0.341135 0.0583385 0.600526 
608 0.341931 0.0550746 0.602994 0.341931 0.0550746 0.602994 
609 0.329808 0.0549217 0.615271 0.329808 0.0549217 0.615271 
610 0.333522 0.0608795 0.605598 0.333522 0.0608795 0.605598 
611 0.334103 0.0599518 0.605945 0.334103 0.0599518 0.605945 
612 0.345522 0.0489362 0.605542 0.345522 0.0489362 0.605542 
613 0.343337 0.0474975 0.609166 0.343337 0.0474975 0.609166 
614 0.337895 0.0574226 0.604683 0.337895 0.0574226 0.604683 
615 0.330184 0.0562676 0.613548 0.330184 0.0562676 0.613548 
616 0.340085 0.0532736 0.606641 0.340085 0.0532736 0.606641 
617 0.329979 0.0725241 0.597497 0.329979 0.0725241 0.597497 
618 0.33265 0.0711752 0.596174 0.33265 0.0711752 0.596174 
619 0.32797 0.0645963 0.607433 0.32797 0.0645963 0.607433 
620 0.342297 0.0683781 0.589325 0.342297 0.0683781 0.589325 
621 0.359546 0.0611263 0.579328 0.359546 0.0611263 0.579328 
622 0.345301 0.0578735 0.596825 0.345301 0.0578735 0.596825 
623 0.338326 0.0529067 0.608767 0.338326 0.0529067 0.608767 
624 0.323707 0.055496 0.620797 0.323707 0.055496 0.620797 
625 0.335146 0.0544278 0.610426 0.335146 0.0544278 0.610426 
626 0.332967 0.0540089 0.613025 0.332967 0.0540089 0.613025 
627 0.339521 0.057538 0.602941 0.339521 0.057538 0.602941 
628 0.31753 0.0670652 0.615404 0.31753 0.0670652 0.615404 
629 0.337725 0.056907 0.605368 0.337725 0.056907 0.605368 
630 0.341722 0.0519584 0.60632 0.341722 0.0519584 0.60632 
631 0.325878 0.0629132 0.611208 0.325878 0.0629132 0.611208 
632 0.335403 0.0612611 0.603336 0.335403 0.0612611 0.603336 
633 0.336532 0.0458393 0.617629 0.336532 0.0458393 0.617629 
634 0.3304 0.0537507 0.615849 0.3304 0.0537507 0.615849 
635 0.338778 0.0534036 0.607819 0.338778 0.0534036 0.607819 
636 0.335869 0.060663 0.603468 0.335869 0.060663 0.603468 
637 0.337993 0.0564074 0.605599 0.337993 0.0564074 0.605599 
638 0.339311 0.0567452 0.603944 0.339311 0.0567452 0.603944 
639 0.343999 0.0575499 0.598451 0.343999 0.0575499 0.598451 
640 0.336437 0.0634479 0.600115 0.336437 0.0634479 0.600115 
641 0.337913 0.0612877 0.6008 0.337913 0.0612877 0.6008 
642 0.343511 0.0613899 0.5951 0.343511 0.0613899 0.5951 
643 0.343856 0.0562021 0.599942 0.343856 0.0562021 0.599942 
644 0.333549 0.0705508 0.595901 0.333549 0.0705508 0.595901 
645 0.335136 0.0548499 0.610014 0.335136 0.0548499 0.610014 
646 0.336498 0.0570699 0.606432 0.336498 0.0570699 0.606432 
647 0.340357 0.0536952 0.605948 0.340357 0.0536952 0.605948 
648 0.343825 0.0458969 0.610278 0.343825 0.0458969 0.610278 
649 0.334726 0.0480684 0.617206 0.334726 0.0480684 0.617206 
650 0.337094 0.0508658 0.61204 0.337094 0.0508658 0.61204 
651 0.345954 0.0388613 0.615185 0.345954 0.0388613 0.615185 
652 0.348306 0.0486013 0.603092 0.348306 0.0486013 0.603092 
653 0.343533 0.0537986 0.602669 0.343533 0.0537986 0.602669 
654 0.345359 0.0524987 0.602142 0.345359 0.0524987 0.602142 
655 0.343003 0.0539648 0.603033 0.343003 0.0539648 0.603033 
656 0.348888 0.0580325 0.59308 0.348888 0.0580325 0.59308 
657 0.339959 0.0502422 0.609799 0.339959 0.0502422 0.609799 
658 0.352967 0.0485349 0.598498 0.352967 0.0485349 0.598498 
659 0.343323 0.0554097 0.601268 0.343323 0.0554097 0.601268 
660 0.340545 0.0632057 0.596249 0.340545 0.0632057 0.596249 
661 0.333121 0.066481 0.600398 0.333121 0.066481 0.600398 
662 0.342539 0.0660408 0.59142 0.342539 0.0660408 0.59142 
