#<p> fraction of dominance, coordination, coexistence
9500 10.6924 0.432054 0.122981 0.444965 
9501 10.693 0.431721 0.123512 0.444768 
9502 10.6978 0.431282 0.123412 0.445305 
9503 10.6977 0.430494 0.122777 0.446729 
9504 10.6944 0.433929 0.120797 0.445275 
9505 10.6954 0.431275 0.121514 0.447211 
9506 10.6981 0.430218 0.122768 0.447015 
9507 10.6971 0.427912 0.1242 0.447888 
9508 10.7006 0.426469 0.123939 0.449593 
9509 10.695 0.423808 0.123695 0.452497 
9510 10.6925 0.429707 0.123218 0.447074 
9511 10.6936 0.424784 0.125327 0.449889 
9512 10.704 0.4229 0.123776 0.453325 
9513 10.7023 0.423912 0.125452 0.450636 
9514 10.6988 0.424948 0.124387 0.450665 
9515 10.7024 0.426709 0.12602 0.447272 
9516 10.6977 0.425345 0.125762 0.448893 
9517 10.6951 0.426897 0.123609 0.449494 
9518 10.6991 0.424222 0.124365 0.451413 
9519 10.6963 0.424644 0.122712 0.452644 
9520 10.6948 0.424755 0.123874 0.451371 
9521 10.6988 0.422534 0.124762 0.452704 
9522 10.705 0.425696 0.122679 0.451625 
9523 10.6972 0.424362 0.12299 0.452649 
9524 10.7069 0.424116 0.12152 0.454364 
9525 10.7117 0.423432 0.122418 0.454149 
9526 10.7063 0.425788 0.124044 0.450169 
9527 10.7074 0.426229 0.122353 0.451419 
9528 10.709 0.428931 0.120674 0.450395 
9529 10.7096 0.428174 0.121039 0.450787 
9530 10.7079 0.429582 0.120167 0.450251 
9531 10.706 0.42492 0.120963 0.454117 
9532 10.7093 0.424824 0.120756 0.454419 
9533 10.7106 0.427663 0.120517 0.45182 
9534 10.7118 0.427136 0.119147 0.453718 
9535 10.7101 0.427781 0.11573 0.456489 
9536 10.707 0.428536 0.115739 0.455725 
9537 10.7061 0.426385 0.118639 0.454976 
9538 10.7031 0.427283 0.119679 0.453038 
9539 10.7032 0.427213 0.119449 0.453338 
9540 10.7043 0.42744 0.118715 0.453845 
9541 10.6998 0.430053 0.120354 0.449592 
9542 10.6945 0.430179 0.11985 0.449971 
9543 10.6954 0.425814 0.122729 0.451457 
9544 10.6938 0.430337 0.123343 0.44632 
9545 10.6932 0.428815 0.122338 0.448847 
9546 10.692 0.42658 0.125734 0.447686 
9547 10.6963 0.426788 0.125686 0.447525 
9548 10.6938 0.429099 0.124481 0.446421 
9549 10.6951 0.428454 0.12562 0.445926 
9550 10.6962 0.426816 0.12375 0.449434 
9551 10.7027 0.426993 0.121676 0.451331 
9552 10.6971 0.427351 0.121841 0.450808 
9553 10.6981 0.427094 0.123471 0.449435 
9554 10.6959 0.428092 0.123979 0.44793 
9555 10.6947 0.428955 0.123274 0.447771 
9556 10.7011 0.430666 0.124409 0.444924 
9557 10.6986 0.431111 0.123772 0.445117 
9558 10.7036 0.426522 0.123725 0.449754 
9559 10.7031 0.427996 0.125055 0.446949 
9560 10.7038 0.427061 0.122907 0.450032 
9561 10.7056 0.427775 0.122017 0.450208 
9562 10.7034 0.427014 0.122457 0.450529 
9563 10.7052 0.425458 0.123367 0.451175 
9564 10.7065 0.426062 0.123825 0.450113 
9565 10.7067 0.425408 0.123704 0.450888 
9566 10.7071 0.426851 0.123598 0.449551 
9567 10.7005 0.427343 0.122709 0.449948 
9568 10.7057 0.428252 0.123468 0.448279 
9569 10.7032 0.427104 0.122512 0.450384 
9570 10.7033 0.428542 0.123338 0.448119 
9571 10.7016 0.429376 0.123715 0.446909 
9572 10.7087 0.428658 0.12343 0.447912 
9573 10.7007 0.428505 0.122052 0.449444 
9574 10.6989 0.42866 0.121602 0.449738 
9575 10.6904 0.431708 0.122868 0.445424 
9576 10.6961 0.432518 0.122573 0.444909 
9577 10.7012 0.433238 0.122711 0.444051 
9578 10.7068 0.434118 0.122522 0.44336 
9579 10.7071 0.431892 0.121539 0.446569 
9580 10.7039 0.432402 0.122351 0.445247 
9581 10.7067 0.432696 0.12113 0.446174 
9582 10.7071 0.429346 0.122763 0.447891 
9583 10.7091 0.434564 0.122094 0.443342 
9584 10.7108 0.433906 0.121915 0.444179 
9585 10.7143 0.433896 0.122271 0.443833 
9586 10.7118 0.434553 0.122071 0.443376 
9587 10.7226 0.431348 0.121413 0.44724 
9588 10.7181 0.430973 0.122829 0.446198 
9589 10.7173 0.430459 0.122773 0.446768 
9590 10.7164 0.430128 0.123857 0.446016 
9591 10.7162 0.4308 0.124005 0.445195 
9592 10.7148 0.430985 0.124868 0.444147 
9593 10.7143 0.43115 0.123616 0.445234 
9594 10.7067 0.432091 0.124508 0.443401 
9595 10.7061 0.430743 0.124008 0.445249 
9596 10.7076 0.432111 0.122129 0.44576 
9597 10.7092 0.43019 0.121352 0.448458 
9598 10.7062 0.432001 0.123405 0.444594 
9599 10.7124 0.431968 0.124549 0.443483 
9600 10.7137 0.431726 0.124519 0.443754 
9601 10.7074 0.432921 0.124062 0.443017 
9602 10.7077 0.43496 0.122217 0.442823 
9603 10.703 0.435361 0.121888 0.442751 
9604 10.7028 0.435084 0.124417 0.440499 
9605 10.7052 0.43619 0.124767 0.439043 
9606 10.7091 0.432846 0.124322 0.442832 
9607 10.7086 0.434576 0.122355 0.443068 
9608 10.7068 0.436838 0.122499 0.440663 
9609 10.7078 0.436945 0.120999 0.442055 
9610 10.7044 0.433731 0.122901 0.443369 
9611 10.704 0.435551 0.123631 0.440817 
9612 10.7048 0.436131 0.122769 0.4411 
9613 10.7049 0.43222 0.12264 0.44514 
9614 10.7059 0.432881 0.122471 0.444648 
9615 10.7072 0.431974 0.122319 0.445707 
9616 10.7169 0.431443 0.121606 0.446951 
9617 10.7174 0.433871 0.119685 0.446445 
9618 10.7226 0.432842 0.119356 0.447802 
9619 10.7161 0.433648 0.120978 0.445374 
9620 10.7149 0.435848 0.120831 0.443321 
9621 10.7086 0.437231 0.119898 0.442871 
9622 10.7104 0.432446 0.11987 0.447684 
9623 10.712 0.430898 0.118965 0.450137 
9624 10.7095 0.432783 0.119061 0.448156 
9625 10.7137 0.431883 0.118865 0.449252 
9626 10.7129 0.429034 0.118823 0.452143 
9627 10.7144 0.433019 0.117815 0.449165 
9628 10.7177 0.433928 0.11611 0.449962 
9629 10.7129 0.434275 0.11802 0.447705 
9630 10.7125 0.432291 0.119561 0.448148 
9631 10.715 0.431732 0.117579 0.45069 
9632 10.7189 0.430832 0.121084 0.448084 
9633 10.7229 0.434537 0.119441 0.446022 
9634 10.7278 0.432787 0.116677 0.450536 
9635 10.7226 0.431354 0.115712 0.452934 
9636 10.7232 0.430827 0.118316 0.450857 
9637 10.7261 0.431791 0.11952 0.448689 
9638 10.7283 0.431133 0.116687 0.45218 
9639 10.7287 0.431178 0.118236 0.450585 
9640 10.7265 0.429051 0.119563 0.451386 
9641 10.725 0.430569 0.11986 0.449571 
9642 10.7251 0.43148 0.117913 0.450607 
9643 10.7267 0.433688 0.116699 0.449612 
9644 10.7233 0.432615 0.117615 0.44977 
9645 10.7209 0.432958 0.119599 0.447442 
9646 10.7174 0.432697 0.120719 0.446584 
9647 10.7151 0.432356 0.120257 0.447387 
9648 10.7152 0.432959 0.121207 0.445834 
9649 10.7183 0.43141 0.120259 0.44833 
9650 10.725 0.427742 0.121376 0.450881 
9651 10.726 0.431385 0.119272 0.449342 
9652 10.7278 0.429933 0.120699 0.449367 
9653 10.7229 0.431586 0.120883 0.447531 
9654 10.7248 0.432032 0.118246 0.449722 
9655 10.7265 0.433311 0.119717 0.446973 
9656 10.7297 0.429607 0.120041 0.450353 
9657 10.7327 0.431657 0.119604 0.448738 
9658 10.73 0.43058 0.123337 0.446083 
9659 10.7269 0.428661 0.122101 0.449238 
9660 10.7309 0.429844 0.120743 0.449413 
9661 10.7273 0.431092 0.119771 0.449137 
9662 10.7318 0.43154 0.120155 0.448305 
9663 10.7296 0.430734 0.1198 0.449466 
9664 10.7269 0.426445 0.120276 0.453278 
9665 10.7278 0.426671 0.119376 0.453953 
9666 10.7219 0.428439 0.119227 0.452334 
9667 10.7238 0.431515 0.11821 0.450275 
9668 10.7281 0.429323 0.11901 0.451667 
9669 10.7302 0.42679 0.118313 0.454897 
9670 10.7223 0.429239 0.116272 0.454489 
9671 10.7195 0.427435 0.11762 0.454945 
9672 10.7265 0.428107 0.115741 0.456152 
9673 10.7339 0.425845 0.115844 0.458311 
9674 10.7367 0.424928 0.116172 0.4589 
9675 10.7319 0.427971 0.117888 0.454141 
9676 10.7307 0.42756 0.115376 0.457064 
9677 10.733 0.427844 0.118544 0.453612 
9678 10.7343 0.430377 0.118234 0.45139 
9679 10.7409 0.428116 0.119127 0.452758 
9680 10.7406 0.43071 0.116935 0.452355 
9681 10.736 0.429468 0.119351 0.451181 
9682 10.7376 0.427985 0.119896 0.452119 
9683 10.7361 0.429148 0.121089 0.449763 
9684 10.7312 0.433848 0.120213 0.445939 
9685 10.7333 0.433163 0.119501 0.447335 
9686 10.7341 0.433312 0.117123 0.449565 
9687 10.74 0.431358 0.11504 0.453601 
9688 10.735 0.432111 0.115465 0.452424 
9689 10.739 0.430984 0.118621 0.450395 
9690 10.74 0.432464 0.117041 0.450495 
9691 10.739 0.42815 0.117694 0.454156 
9692 10.737 0.431736 0.117535 0.450729 
9693 10.7341 0.431818 0.116358 0.451824 
9694 10.7373 0.430599 0.117444 0.451957 
9695 10.7362 0.431021 0.116161 0.452818 
9696 10.7456 0.430845 0.115547 0.453608 
9697 10.7459 0.426842 0.114999 0.458159 
9698 10.7429 0.426006 0.114216 0.459778 
9699 10.7385 0.427426 0.113371 0.459203 
9700 10.7408 0.432903 0.114547 0.45255 
9701 10.7367 0.438627 0.114827 0.446546 
9702 10.741 0.436542 0.118694 0.444764 
9703 10.7377 0.43341 0.119546 0.447043 
9704 10.7342 0.432345 0.117276 0.450378 
9705 10.7352 0.437631 0.11872 0.443649 
9706 10.733 0.438297 0.115883 0.445821 
9707 10.7323 0.440067 0.113794 0.446139 
9708 10.7374 0.440438 0.11219 0.447372 
9709 10.7452 0.43703 0.110751 0.452218 
9710 10.745 0.435905 0.111606 0.452489 
9711 10.7421 0.435623 0.114316 0.450061 
9712 10.7424 0.436741 0.112995 0.450264 
9713 10.7452 0.434897 0.111626 0.453477 
9714 10.748 0.433476 0.113131 0.453393 
9715 10.7458 0.435497 0.112141 0.452361 
9716 10.7475 0.433819 0.113266 0.452915 
9717 10.743 0.432496 0.115435 0.452069 
9718 10.7402 0.433018 0.114121 0.45286 
9719 10.7404 0.43271 0.117991 0.449299 
9720 10.7421 0.431511 0.118427 0.450062 
9721 10.7455 0.430906 0.11791 0.451184 
9722 10.7446 0.428749 0.119405 0.451845 
9723 10.7473 0.431512 0.116652 0.451835 
9724 10.7507 0.432264 0.116855 0.450881 
9725 10.7475 0.433261 0.119106 0.447633 
9726 10.7426 0.431321 0.117494 0.451185 
9727 10.7433 0.432069 0.117185 0.450746 
9728 10.7438 0.431793 0.11814 0.450066 
9729 10.7437 0.430646 0.118736 0.450618 
9730 10.7406 0.431306 0.117547 0.451147 
9731 10.7412 0.430274 0.119772 0.449954 
9732 10.7411 0.428965 0.11888 0.452155 
9733 10.735 0.430103 0.119705 0.450193 
9734 10.7324 0.428743 0.120498 0.450759 
9735 10.738 0.427452 0.118427 0.454122 
9736 10.7421 0.427901 0.118631 0.453468 
9737 10.7492 0.426176 0.120289 0.453534 
9738 10.7488 0.426697 0.118725 0.454579 
9739 10.7456 0.42579 0.117876 0.456334 
9740 10.7473 0.426065 0.118906 0.455029 
9741 10.7486 0.426588 0.120273 0.453139 
9742 10.7435 0.42735 0.119951 0.452699 
9743 10.7466 0.426489 0.118296 0.455215 
9744 10.7494 0.426074 0.118913 0.455013 
9745 10.7446 0.422752 0.120782 0.456466 
9746 10.7454 0.422954 0.121452 0.455593 
9747 10.7485 0.423673 0.121983 0.454343 
9748 10.7467 0.424951 0.120102 0.454946 
9749 10.7442 0.4247 0.121824 0.453477 
9750 10.7403 0.42304 0.119874 0.457086 
9751 10.7432 0.42079 0.11797 0.46124 
9752 10.7428 0.422691 0.12028 0.457029 
9753 10.742 0.424499 0.119096 0.456405 
9754 10.7473 0.425987 0.118559 0.455454 
9755 10.7463 0.425378 0.118638 0.455984 
9756 10.7517 0.424738 0.117515 0.457747 
9757 10.7478 0.424881 0.117787 0.457333 
9758 10.749 0.426255 0.117518 0.456227 
9759 10.7478 0.425787 0.119481 0.454731 
9760 10.7509 0.426044 0.118416 0.45554 
9761 10.7461 0.428017 0.119054 0.45293 
9762 10.7533 0.430306 0.118324 0.451371 
9763 10.7462 0.430594 0.120022 0.449384 
9764 10.7451 0.427772 0.119149 0.453079 
9765 10.7474 0.427995 0.11692 0.455084 
9766 10.7422 0.428264 0.116592 0.455144 
9767 10.743 0.428559 0.119389 0.452052 
9768 10.7421 0.430342 0.120824 0.448833 
9769 10.7383 0.431241 0.120252 0.448506 
9770 10.7432 0.429091 0.119692 0.451217 
9771 10.7482 0.427006 0.121428 0.451566 
9772 10.7452 0.428062 0.121123 0.450815 
9773 10.7464 0.431054 0.119621 0.449325 
9774 10.7396 0.427895 0.120241 0.451864 
9775 10.7374 0.428147 0.120683 0.451169 
9776 10.7363 0.429406 0.120066 0.450528 
9777 10.7395 0.42542 0.121117 0.453463 
9778 10.7432 0.425878 0.121209 0.452913 
9779 10.7441 0.428672 0.120168 0.45116 
9780 10.7433 0.425095 0.120579 0.454327 
9781 10.7423 0.427746 0.117563 0.454692 
9782 10.7451 0.42922 0.119688 0.451092 
9783 10.7418 0.427285 0.123768 0.448947 
9784 10.7406 0.426555 0.127517 0.445928 
9785 10.7443 0.424032 0.127552 0.448417 
9786 10.7413 0.425079 0.126654 0.448267 
9787 10.7381 0.42701 0.126148 0.446843 
9788 10.7405 0.427712 0.124312 0.447976 
9789 10.7452 0.428658 0.124199 0.447143 
9790 10.7427 0.425491 0.125829 0.448681 
9791 10.7442 0.425156 0.125467 0.449378 
9792 10.7517 0.424814 0.122283 0.452904 
9793 10.7499 0.426796 0.12214 0.451064 
9794 10.752 0.431092 0.120341 0.448566 
9795 10.7461 0.4303 0.120961 0.448739 
9796 10.7451 0.429068 0.122749 0.448182 
9797 10.7435 0.425492 0.124001 0.450507 
9798 10.7427 0.427393 0.123585 0.449022 
9799 10.7495 0.428648 0.123424 0.447927 
9800 10.7473 0.426101 0.121975 0.451924 
9801 10.7469 0.426044 0.122352 0.451604 
9802 10.7443 0.427765 0.124126 0.448109 
9803 10.7486 0.426544 0.122905 0.450551 
9804 10.7517 0.428421 0.123493 0.448086 
9805 10.7541 0.428416 0.121273 0.450311 
9806 10.7514 0.42729 0.123872 0.448838 
9807 10.7522 0.429993 0.122164 0.447843 
9808 10.7562 0.42725 0.122925 0.449825 
9809 10.757 0.42516 0.123159 0.45168 
9810 10.7538 0.426407 0.123254 0.450338 
9811 10.755 0.425956 0.121597 0.452447 
9812 10.7592 0.423595 0.124433 0.451972 
9813 10.7642 0.424645 0.122972 0.452383 
9814 10.7618 0.424015 0.12498 0.451005 
9815 10.7597 0.424831 0.124972 0.450197 
9816 10.7551 0.426817 0.123512 0.44967 
9817 10.7533 0.427773 0.121082 0.451145 
9818 10.7583 0.425617 0.120224 0.45416 
9819 10.7595 0.424566 0.117986 0.457448 
9820 10.7592 0.425291 0.121159 0.45355 
9821 10.7563 0.426569 0.120702 0.452729 
9822 10.7587 0.428496 0.121071 0.450433 
9823 10.7571 0.431066 0.12091 0.448024 
9824 10.7545 0.431203 0.121632 0.447165 
9825 10.7593 0.429455 0.120479 0.450065 
9826 10.7582 0.430186 0.121376 0.448438 
9827 10.7588 0.43138 0.118989 0.449632 
9828 10.7613 0.430402 0.116798 0.4528 
9829 10.7647 0.430719 0.11736 0.451921 
9830 10.7637 0.430376 0.118296 0.451327 
9831 10.77 0.430265 0.116696 0.45304 
9832 10.7686 0.431526 0.114886 0.453588 
9833 10.7661 0.431982 0.115093 0.452925 
9834 10.7657 0.434472 0.117717 0.447811 
9835 10.7678 0.433137 0.118025 0.448838 
9836 10.767 0.433563 0.117501 0.448935 
9837 10.7693 0.434454 0.116521 0.449025 
9838 10.7703 0.432225 0.116761 0.451014 
9839 10.7656 0.435631 0.11696 0.447409 
9840 10.7631 0.434005 0.118589 0.447406 
9841 10.767 0.433341 0.119107 0.447552 
9842 10.7622 0.432593 0.11909 0.448317 
9843 10.7653 0.43218 0.119182 0.448638 
9844 10.7646 0.436841 0.118313 0.444846 
9845 10.7619 0.436928 0.117893 0.44518 
9846 10.7608 0.43976 0.115936 0.444304 
9847 10.765 0.438053 0.116604 0.445344 
9848 10.7725 0.436337 0.118274 0.445389 
9849 10.7731 0.435808 0.117118 0.447074 
9850 10.7675 0.437623 0.119121 0.443257 
9851 10.7647 0.43164 0.119704 0.448656 
9852 10.7673 0.431905 0.118555 0.44954 
9853 10.7771 0.432847 0.114339 0.452814 
9854 10.7753 0.430038 0.115231 0.454731 
9855 10.7675 0.431105 0.117728 0.451167 
9856 10.7684 0.430372 0.11718 0.452448 
9857 10.7674 0.428855 0.118318 0.452827 
9858 10.7704 0.430705 0.119638 0.449657 
9859 10.7711 0.432222 0.118478 0.4493 
9860 10.7731 0.430669 0.118728 0.450603 
9861 10.7685 0.431315 0.116929 0.451756 
9862 10.7687 0.428736 0.119308 0.451956 
9863 10.7703 0.429277 0.11831 0.452413 
9864 10.7658 0.430119 0.118515 0.451366 
9865 10.7711 0.429063 0.118751 0.452186 
9866 10.7682 0.430252 0.119317 0.450431 
9867 10.7677 0.42832 0.12049 0.45119 
9868 10.7684 0.427736 0.1203 0.451964 
9869 10.7729 0.431071 0.117156 0.451773 
9870 10.773 0.429984 0.117278 0.452738 
9871 10.768 0.429855 0.118495 0.45165 
9872 10.7667 0.429617 0.119827 0.450555 
9873 10.7694 0.431147 0.119135 0.449718 
9874 10.7671 0.431797 0.120669 0.447534 
9875 10.7668 0.432566 0.119523 0.447911 
9876 10.767 0.429005 0.119661 0.451333 
9877 10.774 0.427505 0.118629 0.453866 
9878 10.7737 0.429732 0.118987 0.451281 
9879 10.7786 0.431529 0.118212 0.450259 
9880 10.7777 0.431778 0.11867 0.449553 
9881 10.7733 0.431317 0.116652 0.452032 
9882 10.77 0.428467 0.116073 0.455461 
9883 10.7646 0.427439 0.119699 0.452862 
9884 10.7664 0.425749 0.118792 0.455459 
9885 10.7704 0.428785 0.11512 0.456095 
9886 10.7677 0.427141 0.116444 0.456415 
9887 10.7658 0.425699 0.117891 0.45641 
9888 10.7694 0.424666 0.118278 0.457056 
9889 10.7659 0.426987 0.117969 0.455044 
9890 10.7669 0.428816 0.119279 0.451905 
9891 10.7626 0.42567 0.119085 0.455245 
9892 10.7607 0.422696 0.118448 0.458856 
9893 10.7692 0.422885 0.118081 0.459034 
9894 10.7713 0.424546 0.117838 0.457616 
9895 10.7715 0.423115 0.118628 0.458257 
9896 10.7754 0.426719 0.120142 0.453139 
9897 10.7699 0.426603 0.117944 0.455454 
9898 10.7665 0.427782 0.116386 0.455833 
9899 10.7725 0.425444 0.119069 0.455486 
9900 10.769 0.42706 0.116319 0.456621 
9901 10.7706 0.422665 0.119324 0.458011 
9902 10.775 0.422043 0.121212 0.456745 
9903 10.7721 0.422681 0.121079 0.45624 
9904 10.7712 0.421432 0.121913 0.456655 
9905 10.7679 0.422087 0.122811 0.455102 
9906 10.7713 0.426254 0.119595 0.454151 
9907 10.7732 0.427696 0.119352 0.452953 
9908 10.7755 0.43105 0.119644 0.449306 
9909 10.7774 0.428639 0.117506 0.453855 
9910 10.7745 0.43008 0.117289 0.452631 
9911 10.7754 0.42954 0.117526 0.452934 
9912 10.7737 0.429253 0.116911 0.453836 
9913 10.7738 0.433074 0.114744 0.452183 
9914 10.7747 0.432465 0.118666 0.448869 
9915 10.7724 0.427305 0.122302 0.450393 
9916 10.7701 0.428887 0.121161 0.449952 
9917 10.7742 0.429735 0.121866 0.448399 
9918 10.7736 0.42764 0.118787 0.453573 
9919 10.7738 0.429101 0.117394 0.453506 
9920 10.7682 0.430627 0.118072 0.451301 
9921 10.7682 0.430319 0.118767 0.450914 
9922 10.7672 0.429124 0.116801 0.454075 
9923 10.7683 0.4284 0.119192 0.452408 
9924 10.7738 0.431111 0.117034 0.451855 
9925 10.7671 0.430632 0.120601 0.448767 
9926 10.763 0.431262 0.119683 0.449055 
9927 10.7689 0.429357 0.118747 0.451896 
9928 10.7718 0.430144 0.118536 0.45132 
9929 10.7716 0.431146 0.120779 0.448075 
9930 10.7744 0.433473 0.118307 0.44822 
9931 10.7744 0.431884 0.116548 0.451568 
9932 10.7742 0.429784 0.116871 0.453345 
9933 10.7713 0.430371 0.11978 0.449849 
9934 10.7771 0.432755 0.11934 0.447905 
9935 10.7803 0.434749 0.118874 0.446377 
9936 10.7814 0.435857 0.119502 0.444641 
9937 10.781 0.434207 0.11927 0.446523 
9938 10.7812 0.436724 0.118812 0.444464 
9939 10.7796 0.435121 0.116919 0.44796 
9940 10.78 0.432967 0.117364 0.449668 
9941 10.7801 0.428417 0.119431 0.452152 
9942 10.7751 0.429272 0.118213 0.452515 
9943 10.7738 0.429224 0.118022 0.452754 
9944 10.7756 0.428946 0.116557 0.454498 
9945 10.7721 0.430262 0.116179 0.453558 
9946 10.7662 0.432383 0.117186 0.450431 
9947 10.7666 0.427928 0.115016 0.457056 
9948 10.7654 0.430099 0.115257 0.454645 
9949 10.7742 0.43051 0.115248 0.454242 
9950 10.7754 0.429897 0.116708 0.453395 
9951 10.7711 0.432009 0.117504 0.450487 
9952 10.769 0.434677 0.116313 0.44901 
9953 10.7695 0.432483 0.114194 0.453323 
9954 10.7771 0.434676 0.113308 0.452015 
9955 10.7731 0.434102 0.113484 0.452414 
9956 10.7705 0.432375 0.11297 0.454655 
9957 10.7691 0.42827 0.113067 0.458664 
9958 10.7687 0.429978 0.112636 0.457386 
9959 10.7648 0.429183 0.114533 0.456284 
9960 10.7671 0.428429 0.115165 0.456405 
9961 10.7658 0.430259 0.116266 0.453475 
9962 10.7628 0.430007 0.114775 0.455219 
9963 10.7613 0.431993 0.113386 0.454621 
9964 10.7577 0.435001 0.112738 0.452261 
9965 10.7598 0.431412 0.112713 0.455875 
9966 10.7617 0.43297 0.112111 0.454919 
9967 10.7674 0.43312 0.112572 0.454309 
9968 10.7728 0.430796 0.113227 0.455977 
9969 10.7735 0.429093 0.115565 0.455342 
9970 10.779 0.431274 0.113892 0.454833 
9971 10.7782 0.428981 0.113967 0.457052 
9972 10.7801 0.427909 0.116316 0.455775 
9973 10.7825 0.429391 0.116334 0.454275 
9974 10.7832 0.42969 0.116136 0.454173 
9975 10.7797 0.431437 0.116989 0.451574 
9976 10.7779 0.431791 0.11696 0.451249 
9977 10.7766 0.433425 0.116305 0.45027 
9978 10.7747 0.436137 0.113908 0.449956 
9979 10.7767 0.433845 0.11651 0.449645 
9980 10.7785 0.430709 0.116375 0.452917 
9981 10.7791 0.431913 0.11407 0.454017 
9982 10.7752 0.432463 0.114582 0.452955 
9983 10.7755 0.433011 0.115252 0.451736 
9984 10.7728 0.430298 0.117191 0.452511 
9985 10.7775 0.431973 0.116704 0.451323 
9986 10.7715 0.431331 0.116736 0.451933 
9987 10.7733 0.431948 0.11724 0.450812 
9988 10.771 0.431938 0.119121 0.448941 
9989 10.7698 0.433256 0.115167 0.451577 
9990 10.7714 0.431163 0.114188 0.454649 
9991 10.7741 0.432331 0.115087 0.452582 
9992 10.7774 0.434873 0.114897 0.450229 
9993 10.7758 0.433457 0.11345 0.453093 
9994 10.7769 0.431633 0.116186 0.452181 
9995 10.7785 0.432824 0.113934 0.453242 
9996 10.7723 0.432686 0.117188 0.450126 
9997 10.7751 0.431619 0.116577 0.451804 
9998 10.7773 0.431284 0.114516 0.4542 
9999 10.776 0.430569 0.113494 0.455936 
