#<p> fraction of dominance, coordination, coexistence
9500 8.12632 0.536458 0.171875 0.291667 
9501 8.13326 0.564516 0.155914 0.27957 
9502 8.13093 0.519231 0.211538 0.269231 
9503 8.12921 0.517857 0.214286 0.267857 
9504 8.12343 0.511111 0.311111 0.177778 
9505 8.12752 0.536585 0.219512 0.243902 
9506 8.12454 0.458333 0.291667 0.25 
9507 8.1301 0.418367 0.289116 0.292517 
9508 8.12955 0.570303 0.187273 0.242424 
9509 8.13789 0.535519 0.218579 0.245902 
9510 8.1246 0.553763 0.236559 0.209677 
9511 8.12867 0.521505 0.295699 0.182796 
9512 8.13359 0.5 0.215054 0.284946 
9513 8.13044 0.47541 0.26776 0.256831 
9514 8.13399 0.461988 0.245614 0.292398 
9515 8.13388 0.480226 0.220339 0.299435 
9516 8.13857 0.530864 0.17284 0.296296 
9517 8.13832 0.512346 0.228395 0.259259 
9518 8.1451 0.471698 0.207547 0.320755 
9519 8.1429 0.434343 0.308081 0.257576 
9520 8.1244 0.566667 0.244444 0.188889 
9521 8.13473 0.476923 0.251282 0.271795 
9522 8.14364 0.433333 0.294444 0.272222 
9523 8.14305 0.599462 0.19086 0.209677 
9524 8.14129 0.492308 0.297436 0.210256 
9525 8.14889 0.522388 0.238806 0.238806 
9526 8.15089 0.399471 0.306878 0.293651 
9527 8.14323 0.45098 0.25 0.29902 
9528 8.1452 0.529762 0.196429 0.27381 
9529 8.14337 0.298611 0.298611 0.402778 
9530 8.14144 0.413978 0.215054 0.370968 
9531 8.13911 0.46 0.22 0.32 
9532 8.14546 0.475309 0.185185 0.339506 
9533 8.15597 0.505747 0.229885 0.264368 
9534 8.14876 0.496599 0.176871 0.326531 
9535 8.1401 0.432099 0.320988 0.246914 
9536 8.15216 0.548387 0.209677 0.241935 
9537 8.15173 0.46875 0.286458 0.244792 
9538 8.15294 0.481481 0.179894 0.338624 
9539 8.14832 0.482051 0.14359 0.374359 
9540 8.15829 0.461538 0.185897 0.352564 
9541 8.14759 0.433962 0.213836 0.352201 
9542 8.15159 0.431925 0.230047 0.338028 
9543 8.15816 0.446154 0.235897 0.317949 
9544 8.17038 0.485294 0.191176 0.323529 
9545 8.16136 0.439394 0.217172 0.343434 
9546 8.17258 0.431373 0.25 0.318627 
9547 8.15254 0.473118 0.209677 0.317204 
9548 8.15062 0.526042 0.177083 0.296875 
9549 8.14207 0.494792 0.192708 0.3125 
9550 8.15493 0.571429 0.201058 0.227513 
9551 8.15428 0.463277 0.271186 0.265537 
9552 8.15365 0.391304 0.285024 0.323671 
9553 8.14953 0.467213 0.273224 0.259563 
9554 8.16143 0.42381 0.228571 0.347619 
9555 8.16012 0.503086 0.237654 0.259259 
9556 8.1518 0.469136 0.240741 0.290123 
9557 8.15013 0.481481 0.280864 0.237654 
9558 8.15214 0.415094 0.245283 0.339623 
9559 8.15731 0.436364 0.236364 0.327273 
9560 8.14965 0.480769 0.198718 0.320513 
9561 8.15354 0.526667 0.126667 0.346667 
9562 8.15973 0.553571 0.142857 0.303571 
9563 8.1615 0.488095 0.261905 0.25 
9564 8.15583 0.467262 0.214286 0.318452 
9565 8.15434 0.612022 0.0983607 0.289617 
9566 8.15872 0.610256 0.194872 0.194872 
9567 8.15123 0.655914 0.166667 0.177419 
9568 8.14877 0.622642 0.132075 0.245283 
9569 8.14154 0.494792 0.307292 0.197917 
9570 8.14404 0.559524 0.232143 0.208333 
9571 8.14647 0.617486 0.153005 0.229508 
9572 8.1461 0.593607 0.164384 0.242009 
9573 8.15142 0.576923 0.153846 0.269231 
9574 8.14973 0.531073 0.248588 0.220339 
9575 8.1571 0.477011 0.241379 0.281609 
9576 8.14913 0.611111 0.222222 0.166667 
9577 8.14646 0.56 0.213333 0.226667 
9578 8.15319 0.479167 0.25 0.270833 
9579 8.15273 0.517007 0.204082 0.278912 
9580 8.15002 0.634615 0.166667 0.198718 
9581 8.16447 0.52381 0.258503 0.217687 
9582 8.1555 0.517007 0.251701 0.231293 
9583 8.15433 0.5 0.281609 0.218391 
9584 8.1486 0.51634 0.20915 0.27451 
9585 8.15995 0.549383 0.209877 0.240741 
9586 8.15382 0.551515 0.215152 0.233333 
9587 8.15598 0.5 0.222222 0.277778 
9588 8.15909 0.544218 0.22449 0.231293 
9589 8.16321 0.45977 0.264368 0.275862 
9590 8.15764 0.39881 0.321429 0.279762 
9591 8.16213 0.383333 0.233333 0.383333 
9592 8.16898 0.388889 0.222222 0.388889 
9593 8.16937 0.48538 0.192982 0.321637 
9594 8.15726 0.430303 0.224242 0.345455 
9595 8.15909 0.427778 0.211111 0.361111 
9596 8.16717 0.452899 0.206522 0.34058 
9597 8.16007 0.442177 0.292517 0.265306 
9598 8.15241 0.5 0.25 0.25 
9599 8.15685 0.55814 0.162791 0.27907 
9600 8.15714 0.486111 0.270833 0.243056 
9601 8.157 0.451389 0.208333 0.340278 
9602 8.1548 0.426901 0.251462 0.321637 
9603 8.16056 0.557823 0.204082 0.238095 
9604 8.15158 0.527273 0.254545 0.218182 
9605 8.16096 0.473684 0.192982 0.333333 
9606 8.16732 0.469136 0.259259 0.271605 
9607 8.16987 0.391304 0.26087 0.347826 
9608 8.16242 0.546667 0.246667 0.206667 
9609 8.16042 0.490566 0.301887 0.207547 
9610 8.15348 0.543011 0.301075 0.155914 
9611 8.1673 0.493333 0.3 0.206667 
9612 8.16446 0.551282 0.25641 0.192308 
9613 8.15542 0.481481 0.333333 0.185185 
9614 8.14575 0.425926 0.32716 0.246914 
9615 8.14757 0.529101 0.232804 0.238095 
9616 8.1526 0.575521 0.226562 0.197917 
9617 8.15106 0.486559 0.282258 0.231183 
9618 8.14864 0.454802 0.313559 0.231638 
9619 8.15385 0.423077 0.307692 0.269231 
9620 8.15506 0.45679 0.265432 0.277778 
9621 8.15417 0.502732 0.240437 0.256831 
9622 8.15034 0.493827 0.246914 0.259259 
9623 8.15932 0.431694 0.295082 0.273224 
9624 8.1557 0.465608 0.301587 0.232804 
9625 8.16149 0.526667 0.263333 0.21 
9626 8.16252 0.484277 0.22327 0.292453 
9627 8.16329 0.409357 0.245614 0.345029 
9628 8.15636 0.404762 0.339286 0.255952 
9629 8.16628 0.438889 0.288889 0.272222 
9630 8.16824 0.468927 0.20339 0.327684 
9631 8.1684 0.5 0.231481 0.268519 
9632 8.16293 0.610119 0.229167 0.160714 
9633 8.15807 0.521127 0.258216 0.220657 
9634 8.1779 0.502415 0.207729 0.289855 
9635 8.16168 0.518519 0.269841 0.21164 
9636 8.18264 0.490741 0.24537 0.263889 
9637 8.16994 0.538462 0.220513 0.241026 
9638 8.17205 0.353535 0.267677 0.378788 
9639 8.17214 0.458333 0.282407 0.259259 
9640 8.17448 0.394872 0.315385 0.289744 
9641 8.16813 0.421875 0.265625 0.3125 
9642 8.16269 0.480874 0.262295 0.256831 
9643 8.15732 0.446237 0.236559 0.317204 
9644 8.15916 0.445887 0.294372 0.25974 
9645 8.15999 0.502347 0.197183 0.300469 
9646 8.16322 0.516129 0.182796 0.301075 
9647 8.15485 0.434783 0.304348 0.26087 
9648 8.15296 0.39726 0.315068 0.287671 
9649 8.15558 0.438596 0.274854 0.28655 
9650 8.16161 0.503268 0.281046 0.215686 
9651 8.16266 0.369697 0.275758 0.354545 
9652 8.16137 0.516026 0.266026 0.217949 
9653 8.16075 0.422222 0.355556 0.222222 
9654 8.16153 0.497268 0.273224 0.229508 
9655 8.16062 0.442623 0.322404 0.234973 
9656 8.15764 0.538889 0.205556 0.255556 
9657 8.15942 0.410256 0.320513 0.269231 
9658 8.15601 0.434783 0.275362 0.289855 
9659 8.16021 0.424242 0.30303 0.272727 
9660 8.16237 0.492537 0.248756 0.258706 
9661 8.16487 0.436782 0.304598 0.258621 
9662 8.17014 0.485507 0.253623 0.26087 
9663 8.16533 0.471429 0.285714 0.242857 
9664 8.17192 0.466667 0.255556 0.277778 
9665 8.16818 0.57377 0.245902 0.180328 
9666 8.1806 0.610329 0.201878 0.187793 
9667 8.17664 0.505208 0.302083 0.192708 
9668 8.17872 0.542373 0.288136 0.169492 
9669 8.17746 0.505208 0.244792 0.25 
9670 8.17444 0.467949 0.275641 0.25641 
9671 8.17689 0.511905 0.303571 0.184524 
9672 8.16683 0.478495 0.311828 0.209677 
9673 8.16799 0.409357 0.350877 0.239766 
9674 8.17559 0.435897 0.25641 0.307692 
9675 8.17694 0.553333 0.226667 0.22 
9676 8.17392 0.540881 0.213836 0.245283 
9677 8.17913 0.528986 0.231884 0.23913 
9678 8.1768 0.45283 0.339623 0.207547 
9679 8.17745 0.576271 0.254237 0.169492 
9680 8.16947 0.522727 0.234848 0.242424 
9681 8.18104 0.482993 0.170068 0.346939 
9682 8.17418 0.507576 0.280303 0.212121 
9683 8.17326 0.575163 0.156863 0.267974 
9684 8.16564 0.534722 0.222222 0.243056 
9685 8.16851 0.591195 0.226415 0.18239 
9686 8.15875 0.528736 0.275862 0.195402 
9687 8.1634 0.436782 0.350575 0.212644 
9688 8.17158 0.459259 0.244444 0.296296 
9689 8.16653 0.482456 0.385965 0.131579 
9690 8.16331 0.472727 0.254545 0.272727 
9691 8.17742 0.47619 0.176871 0.346939 
9692 8.17788 0.518519 0.209877 0.271605 
9693 8.18069 0.496454 0.269504 0.234043 
9694 8.17876 0.5 0.159722 0.340278 
9695 8.17411 0.477778 0.261111 0.261111 
9696 8.17181 0.435897 0.271795 0.292308 
9697 8.17468 0.522989 0.195402 0.281609 
9698 8.1793 0.5 0.215054 0.284946 
9699 8.18482 0.507937 0.253968 0.238095 
9700 8.17789 0.563218 0.195402 0.241379 
9701 8.17611 0.462687 0.328358 0.208955 
9702 8.1676 0.537778 0.271111 0.191111 
9703 8.17842 0.581699 0.189542 0.228758 
9704 8.17911 0.526042 0.208333 0.265625 
9705 8.18184 0.470588 0.294118 0.235294 
9706 8.18202 0.582051 0.164103 0.253846 
9707 8.19425 0.502151 0.164516 0.333333 
9708 8.18416 0.444444 0.259259 0.296296 
9709 8.18856 0.479532 0.22807 0.292398 
9710 8.18964 0.460784 0.230392 0.308824 
9711 8.18505 0.479798 0.232323 0.287879 
9712 8.18892 0.492754 0.202899 0.304348 
9713 8.19041 0.544118 0.235294 0.220588 
9714 8.19188 0.507692 0.292308 0.2 
9715 8.18958 0.428571 0.291005 0.280423 
9716 8.18581 0.469444 0.252778 0.277778 
9717 8.18799 0.463542 0.197917 0.338542 
9718 8.18256 0.494444 0.288889 0.216667 
9719 8.17734 0.476608 0.356725 0.166667 
9720 8.18354 0.426471 0.308824 0.264706 
9721 8.19128 0.451977 0.293785 0.254237 
9722 8.1885 0.421769 0.367347 0.210884 
9723 8.18852 0.478495 0.301075 0.22043 
9724 8.18632 0.550926 0.236111 0.212963 
9725 8.17924 0.461905 0.319048 0.219048 
9726 8.1859 0.490991 0.261261 0.247748 
9727 8.18353 0.522222 0.222222 0.255556 
9728 8.19134 0.555556 0.238889 0.205556 
9729 8.20071 0.552083 0.145833 0.302083 
9730 8.1919 0.464481 0.224044 0.311475 
9731 8.18902 0.544218 0.204082 0.251701 
9732 8.18923 0.509804 0.235294 0.254902 
9733 8.1945 0.525641 0.166667 0.307692 
9734 8.19356 0.534591 0.213836 0.251572 
9735 8.19884 0.515625 0.260417 0.223958 
9736 8.19803 0.537634 0.263441 0.198925 
9737 8.20039 0.458333 0.242647 0.29902 
9738 8.19698 0.52451 0.181373 0.294118 
9739 8.20757 0.4375 0.260417 0.302083 
9740 8.20374 0.515152 0.247475 0.237374 
9741 8.19703 0.583333 0.224359 0.192308 
9742 8.20276 0.539683 0.222222 0.238095 
9743 8.19915 0.579096 0.225989 0.194915 
9744 8.20099 0.541667 0.265625 0.192708 
9745 8.19819 0.385057 0.37931 0.235632 
9746 8.19921 0.424242 0.278788 0.29697 
9747 8.20321 0.461538 0.211538 0.326923 
9748 8.19801 0.418079 0.259887 0.322034 
9749 8.20135 0.477612 0.223881 0.298507 
9750 8.19281 0.516908 0.236715 0.246377 
9751 8.20298 0.546448 0.234973 0.218579 
9752 8.19936 0.542373 0.220339 0.237288 
9753 8.19892 0.548023 0.276836 0.175141 
9754 8.21002 0.45283 0.264151 0.283019 
9755 8.20194 0.491525 0.276836 0.231638 
9756 8.21086 0.497076 0.192982 0.309942 
9757 8.20995 0.548387 0.209677 0.241935 
9758 8.21203 0.547264 0.18408 0.268657 
9759 8.21403 0.540881 0.251572 0.207547 
9760 8.21962 0.497268 0.213115 0.289617 
9761 8.20528 0.494792 0.25 0.255208 
9762 8.20174 0.558333 0.216667 0.225 
9763 8.21269 0.491803 0.229508 0.278689 
9764 8.20574 0.55 0.175 0.275 
9765 8.20037 0.535714 0.172619 0.291667 
9766 8.20294 0.447917 0.302083 0.25 
9767 8.20368 0.458333 0.261905 0.279762 
9768 8.20255 0.506173 0.265432 0.228395 
9769 8.20219 0.480226 0.237288 0.282486 
9770 8.20009 0.425287 0.281609 0.293103 
9771 8.20612 0.404372 0.278689 0.31694 
9772 8.21008 0.469945 0.196721 0.333333 
9773 8.20437 0.5 0.232323 0.267677 
9774 8.20296 0.410053 0.251323 0.338624 
9775 8.20011 0.491935 0.266129 0.241935 
9776 8.20652 0.559211 0.173246 0.267544 
9777 8.19925 0.542793 0.224775 0.232432 
9778 8.19408 0.425641 0.317949 0.25641 
9779 8.20201 0.427419 0.215054 0.357527 
9780 8.19575 0.434343 0.252525 0.313131 
9781 8.1882 0.49359 0.25 0.25641 
9782 8.20098 0.431694 0.20765 0.360656 
9783 8.19695 0.52459 0.185792 0.289617 
9784 8.19507 0.598039 0.163399 0.238562 
9785 8.20111 0.50565 0.237288 0.257062 
9786 8.19332 0.47619 0.285714 0.238095 
9787 8.19279 0.418182 0.290909 0.290909 
9788 8.19861 0.383333 0.294444 0.322222 
9789 8.20525 0.45977 0.201149 0.33908 
9790 8.20265 0.563636 0.163636 0.272727 
9791 8.20395 0.610063 0.144654 0.245283 
9792 8.20276 0.5 0.193548 0.306452 
9793 8.2001 0.542373 0.259887 0.19774 
9794 8.20418 0.473118 0.247312 0.27957 
9795 8.199 0.494624 0.241935 0.263441 
9796 8.21281 0.485075 0.21393 0.300995 
9797 8.20715 0.515873 0.195767 0.28836 
9798 8.20443 0.449772 0.237443 0.312785 
9799 8.21108 0.378307 0.253968 0.367725 
9800 8.20766 0.449735 0.253968 0.296296 
9801 8.2016 0.510101 0.171717 0.318182 
9802 8.21511 0.404762 0.247619 0.347619 
9803 8.20394 0.457143 0.214286 0.328571 
9804 8.20245 0.422886 0.199005 0.378109 
9805 8.20393 0.439153 0.232804 0.328042 
9806 8.20385 0.461538 0.205128 0.333333 
9807 8.21031 0.4 0.277778 0.322222 
9808 8.21015 0.412429 0.144068 0.443503 
9809 8.19838 0.44898 0.197279 0.353741 
9810 8.20581 0.4375 0.25 0.3125 
9811 8.22242 0.438596 0.210526 0.350877 
9812 8.21314 0.416667 0.269231 0.314103 
9813 8.21921 0.508475 0.169492 0.322034 
9814 8.21651 0.462264 0.207547 0.330189 
9815 8.20572 0.436275 0.245098 0.318627 
9816 8.20487 0.50641 0.205128 0.288462 
9817 8.20909 0.491525 0.242938 0.265537 
9818 8.21119 0.526882 0.241935 0.231183 
9819 8.21728 0.44086 0.225806 0.333333 
9820 8.20955 0.480769 0.141026 0.378205 
9821 8.21492 0.528736 0.114943 0.356322 
9822 8.2158 0.469136 0.228395 0.302469 
9823 8.20475 0.432624 0.269504 0.297872 
9824 8.20369 0.490566 0.264151 0.245283 
9825 8.21127 0.481481 0.169753 0.348765 
9826 8.20556 0.5 0.238095 0.261905 
9827 8.20983 0.464646 0.176768 0.358586 
9828 8.2079 0.522222 0.183333 0.294444 
9829 8.20921 0.452381 0.244048 0.303571 
9830 8.20612 0.473684 0.245614 0.280702 
9831 8.20593 0.446809 0.219858 0.333333 
9832 8.20248 0.45614 0.19883 0.345029 
9833 8.21528 0.569697 0.151515 0.278788 
9834 8.20716 0.54023 0.155172 0.304598 
9835 8.20696 0.5 0.141026 0.358974 
9836 8.212 0.493333 0.16 0.346667 
9837 8.21426 0.47619 0.14966 0.37415 
9838 8.21186 0.518519 0.154321 0.32716 
9839 8.21362 0.503704 0.192593 0.303704 
9840 8.20376 0.503268 0.215686 0.281046 
9841 8.20905 0.496454 0.205674 0.297872 
9842 8.20903 0.532051 0.237179 0.230769 
9843 8.20854 0.510638 0.120567 0.368794 
9844 8.20925 0.48366 0.196078 0.320261 
9845 8.197 0.517857 0.232143 0.25 
9846 8.19663 0.502924 0.263158 0.233918 
9847 8.20019 0.433962 0.308176 0.257862 
9848 8.20996 0.482759 0.224138 0.293103 
9849 8.21033 0.505556 0.194444 0.3 
9850 8.20962 0.511905 0.178571 0.309524 
9851 8.19819 0.383333 0.25 0.366667 
9852 8.20298 0.473118 0.177419 0.349462 
9853 8.20814 0.556497 0.138418 0.305085 
9854 8.20741 0.40678 0.254237 0.338983 
9855 8.20577 0.492647 0.27451 0.232843 
9856 8.19701 0.47619 0.26455 0.259259 
9857 8.20047 0.449405 0.261905 0.28869 
9858 8.20449 0.414474 0.27193 0.313596 
9859 8.2084 0.486111 0.240741 0.273148 
9860 8.2018 0.49359 0.25 0.25641 
9861 8.2111 0.502825 0.271186 0.225989 
9862 8.21769 0.478788 0.230303 0.290909 
9863 8.21908 0.521212 0.236364 0.242424 
9864 8.21654 0.513661 0.218579 0.26776 
9865 8.21739 0.5 0.3 0.2 
9866 8.21758 0.553571 0.25 0.196429 
9867 8.21464 0.395833 0.3125 0.291667 
9868 8.21917 0.421384 0.301887 0.27673 
9869 8.21126 0.5 0.26 0.24 
9870 8.2096 0.490909 0.254545 0.254545 
9871 8.21573 0.518519 0.222222 0.259259 
9872 8.21084 0.49697 0.290909 0.212121 
9873 8.2188 0.541667 0.25 0.208333 
9874 8.2198 0.530055 0.240437 0.229508 
9875 8.21735 0.407407 0.222222 0.37037 
9876 8.22272 0.494792 0.208333 0.296875 
9877 8.21202 0.550265 0.238095 0.21164 
9878 8.21925 0.484848 0.248485 0.266667 
9879 8.22272 0.54023 0.149425 0.310345 
9880 8.22713 0.56 0.2 0.24 
9881 8.22822 0.524823 0.255319 0.219858 
9882 8.22801 0.538889 0.216667 0.244444 
9883 8.22438 0.47619 0.244048 0.279762 
9884 8.21562 0.432836 0.303483 0.263682 
9885 8.22786 0.446328 0.271186 0.282486 
9886 8.22587 0.471795 0.266667 0.261538 
9887 8.22549 0.398907 0.245902 0.355191 
9888 8.23144 0.51634 0.176471 0.30719 
9889 8.22266 0.590643 0.0994152 0.309942 
9890 8.21724 0.628931 0.150943 0.220126 
9891 8.22152 0.5 0.160714 0.339286 
9892 8.218 0.545977 0.143678 0.310345 
9893 8.20992 0.55 0.205556 0.244444 
9894 8.21534 0.553846 0.246154 0.2 
9895 8.22056 0.549383 0.203704 0.246914 
9896 8.21595 0.516667 0.305556 0.177778 
9897 8.21785 0.487654 0.240741 0.271605 
9898 8.21328 0.463768 0.299517 0.236715 
9899 8.20738 0.462963 0.300926 0.236111 
9900 8.21008 0.464912 0.298246 0.236842 
9901 8.20367 0.554688 0.239583 0.205729 
9902 8.21112 0.511111 0.266667 0.222222 
9903 8.22266 0.494536 0.26776 0.237705 
9904 8.21108 0.482143 0.267857 0.25 
9905 8.22357 0.476923 0.282051 0.241026 
9906 8.22502 0.489899 0.267677 0.242424 
9907 8.22437 0.589744 0.192308 0.217949 
9908 8.21231 0.494048 0.327381 0.178571 
9909 8.22746 0.48538 0.251462 0.263158 
9910 8.22434 0.450292 0.245614 0.304094 
9911 8.22691 0.541667 0.229167 0.229167 
9912 8.23351 0.469697 0.218182 0.312121 
9913 8.23172 0.509804 0.222222 0.267974 
9914 8.23162 0.440476 0.232143 0.327381 
9915 8.24174 0.510417 0.197917 0.291667 
9916 8.23711 0.503546 0.248227 0.248227 
9917 8.22452 0.465278 0.229167 0.305556 
9918 8.2267 0.424242 0.30303 0.272727 
9919 8.23136 0.422222 0.286111 0.291667 
9920 8.23444 0.459016 0.300546 0.240437 
9921 8.23906 0.546875 0.161458 0.291667 
9922 8.23716 0.442857 0.271429 0.285714 
9923 8.24197 0.555556 0.146465 0.29798 
9924 8.22291 0.5 0.245098 0.254902 
9925 8.23786 0.430769 0.25641 0.312821 
9926 8.23168 0.477612 0.293532 0.228856 
9927 8.23685 0.468927 0.288136 0.242938 
9928 8.23054 0.38806 0.263682 0.348259 
9929 8.23429 0.467662 0.189055 0.343284 
9930 8.24228 0.470588 0.210784 0.318627 
9931 8.23762 0.4625 0.233333 0.304167 
9932 8.22952 0.442623 0.245902 0.311475 
9933 8.23068 0.442623 0.20765 0.349727 
9934 8.2294 0.442708 0.265625 0.291667 
9935 8.2221 0.460784 0.259804 0.279412 
9936 8.22487 0.454762 0.261905 0.283333 
9937 8.22871 0.409091 0.222222 0.368687 
9938 8.23253 0.421875 0.25 0.328125 
9939 8.23158 0.528205 0.241026 0.230769 
9940 8.22918 0.521505 0.268817 0.209677 
9941 8.22639 0.567708 0.291667 0.140625 
9942 8.23015 0.590909 0.282828 0.126263 
9943 8.23251 0.525253 0.313131 0.161616 
9944 8.23672 0.485294 0.289216 0.22549 
9945 8.24347 0.545894 0.183575 0.270531 
9946 8.23838 0.454545 0.230303 0.315152 
9947 8.22647 0.519608 0.264706 0.215686 
9948 8.24188 0.421875 0.286458 0.291667 
9949 8.24049 0.451282 0.251282 0.297436 
9950 8.23052 0.459016 0.300546 0.240437 
9951 8.2369 0.497436 0.241026 0.261538 
9952 8.23006 0.502646 0.291005 0.206349 
9953 8.23186 0.452381 0.319048 0.228571 
9954 8.23525 0.482906 0.273504 0.24359 
9955 8.22917 0.543379 0.273973 0.182648 
9956 8.22867 0.427928 0.288288 0.283784 
9957 8.24565 0.497396 0.265625 0.236979 
9958 8.23971 0.472727 0.248485 0.278788 
9959 8.22929 0.529762 0.214286 0.255952 
9960 8.22765 0.502924 0.263158 0.233918 
9961 8.22576 0.4375 0.305556 0.256944 
9962 8.22922 0.55 0.261111 0.188889 
9963 8.22754 0.45098 0.300654 0.248366 
9964 8.22952 0.432099 0.277778 0.290123 
9965 8.23973 0.412121 0.2 0.387879 
9966 8.22523 0.505376 0.263441 0.231183 
9967 8.23067 0.45614 0.327485 0.216374 
9968 8.23619 0.555556 0.203704 0.240741 
9969 8.22913 0.409091 0.272727 0.318182 
9970 8.23104 0.477011 0.224138 0.298851 
9971 8.23317 0.531915 0.212766 0.255319 
9972 8.23773 0.486772 0.227513 0.285714 
9973 8.24111 0.576667 0.21 0.213333 
9974 8.23504 0.522727 0.234848 0.242424 
9975 8.23502 0.479532 0.280702 0.239766 
9976 8.23028 0.617486 0.202186 0.180328 
9977 8.22931 0.530864 0.246914 0.222222 
9978 8.23535 0.573099 0.19883 0.22807 
9979 8.23734 0.470588 0.30719 0.222222 
9980 8.22829 0.496732 0.261438 0.24183 
9981 8.23782 0.448485 0.254545 0.29697 
9982 8.23327 0.50641 0.192308 0.301282 
9983 8.24434 0.654321 0.0864198 0.259259 
9984 8.24453 0.527778 0.2 0.272222 
9985 8.25422 0.545977 0.195402 0.258621 
9986 8.24737 0.52381 0.22619 0.25 
9987 8.25298 0.586207 0.172414 0.241379 
9988 8.24089 0.49697 0.260606 0.242424 
9989 8.25204 0.484375 0.208333 0.307292 
9990 8.25305 0.52381 0.22619 0.25 
9991 8.25305 0.583333 0.1875 0.229167 
9992 8.24333 0.586667 0.233333 0.18 
9993 8.24959 0.615385 0.160256 0.224359 
9994 8.24498 0.549708 0.239766 0.210526 
9995 8.25172 0.477401 0.20904 0.313559 
9996 8.24636 0.59322 0.163842 0.242938 
9997 8.25741 0.535519 0.180328 0.284153 
9998 8.24642 0.563636 0.181818 0.254545 
9999 8.23312 0.574074 0.203704 0.222222 
