#<p> fraction of dominance, coordination, coexistence
9500 8.74999 0.44386 0.203509 0.352632 
9501 8.74598 0.428962 0.23133 0.339709 
9502 8.75689 0.444742 0.215686 0.339572 
9503 8.76135 0.456229 0.181818 0.361953 
9504 8.75497 0.484432 0.180403 0.335165 
9505 8.75848 0.457658 0.236036 0.306306 
9506 8.76502 0.518229 0.15625 0.325521 
9507 8.76144 0.466841 0.191972 0.341187 
9508 8.75029 0.419628 0.235195 0.345178 
9509 8.76073 0.465766 0.192793 0.341441 
9510 8.75874 0.516854 0.172285 0.310861 
9511 8.74621 0.508876 0.180473 0.310651 
9512 8.76074 0.483527 0.194767 0.321705 
9513 8.75835 0.518919 0.173874 0.307207 
9514 8.75961 0.504288 0.174854 0.320858 
9515 8.7613 0.490613 0.176437 0.33295 
9516 8.75266 0.485185 0.194444 0.32037 
9517 8.75685 0.553073 0.148045 0.298883 
9518 8.74816 0.493446 0.177903 0.328652 
9519 8.75548 0.510242 0.156425 0.333333 
9520 8.76588 0.498217 0.152406 0.349376 
9521 8.75752 0.520213 0.182447 0.29734 
9522 8.76103 0.496276 0.18622 0.317505 
9523 8.77055 0.488774 0.176166 0.33506 
9524 8.77001 0.425833 0.235 0.339167 
9525 8.77251 0.498255 0.193717 0.308028 
9526 8.76876 0.481584 0.200737 0.31768 
9527 8.76366 0.477963 0.225 0.297037 
9528 8.77879 0.458835 0.212851 0.328313 
9529 8.77255 0.527624 0.17035 0.302026 
9530 8.76477 0.536517 0.155431 0.308052 
9531 8.75694 0.479284 0.208098 0.312618 
9532 8.7535 0.480138 0.217617 0.302245 
9533 8.76028 0.425714 0.212571 0.361714 
9534 8.77087 0.52381 0.172161 0.304029 
9535 8.77487 0.528233 0.149362 0.322404 
9536 8.75721 0.529524 0.177143 0.293333 
9537 8.75529 0.48991 0.22 0.29009 
9538 8.75979 0.506206 0.190603 0.303191 
9539 8.76628 0.556159 0.181159 0.262681 
9540 8.7605 0.524457 0.20471 0.270833 
9541 8.76246 0.503419 0.221368 0.275214 
9542 8.76846 0.473921 0.23247 0.29361 
9543 8.77212 0.530382 0.167535 0.302083 
9544 8.77134 0.536942 0.155498 0.30756 
9545 8.78795 0.52459 0.170674 0.304736 
9546 8.76429 0.527778 0.163978 0.308244 
9547 8.78196 0.531028 0.190957 0.278014 
9548 8.77923 0.504363 0.188482 0.307155 
9549 8.77789 0.525305 0.199825 0.274869 
9550 8.76763 0.533679 0.204145 0.262176 
9551 8.77806 0.499069 0.189944 0.310987 
9552 8.78442 0.472222 0.185824 0.341954 
9553 8.76829 0.46932 0.239635 0.291045 
9554 8.7809 0.472959 0.196599 0.330442 
9555 8.78272 0.470652 0.220833 0.308514 
9556 8.78296 0.477586 0.189655 0.332759 
9557 8.78627 0.471723 0.164981 0.363296 
9558 8.77398 0.440351 0.22193 0.337719 
9559 8.76849 0.465458 0.197755 0.336788 
9560 8.77187 0.484043 0.215426 0.300532 
9561 8.78315 0.464516 0.238351 0.297133 
9562 8.78192 0.430783 0.235883 0.333333 
9563 8.78097 0.460753 0.245161 0.294086 
9564 8.77476 0.456395 0.233527 0.310078 
9565 8.79363 0.460728 0.193487 0.345785 
9566 8.79084 0.490637 0.187266 0.322097 
9567 8.78919 0.464327 0.172515 0.363158 
9568 8.77997 0.48221 0.171348 0.346442 
9569 8.78295 0.489011 0.177656 0.333333 
9570 8.78007 0.485484 0.185484 0.329032 
9571 8.78986 0.513661 0.155738 0.330601 
9572 8.78549 0.478522 0.181271 0.340206 
9573 8.79373 0.507449 0.167598 0.324953 
9574 8.79285 0.483245 0.181658 0.335097 
9575 8.78035 0.521296 0.17037 0.308333 
9576 8.77349 0.495238 0.191429 0.313333 
9577 8.77733 0.483716 0.136973 0.37931 
9578 8.78874 0.492073 0.171545 0.336382 
9579 8.78267 0.485876 0.186441 0.327684 
9580 8.7926 0.490798 0.176892 0.332311 
9581 8.79223 0.483239 0.148776 0.367985 
9582 8.78111 0.411892 0.194595 0.393514 
9583 8.78603 0.475758 0.166667 0.357576 
9584 8.78703 0.502132 0.17345 0.324419 
9585 8.78486 0.474476 0.195238 0.330286 
9586 8.78087 0.503623 0.197464 0.298913 
9587 8.79116 0.459963 0.193669 0.346369 
9588 8.7911 0.495637 0.172775 0.331588 
9589 8.79252 0.480691 0.14939 0.369919 
9590 8.78871 0.497992 0.148594 0.353414 
9591 8.78999 0.451389 0.185516 0.363095 
9592 8.78962 0.430879 0.198364 0.370757 
9593 8.78047 0.465517 0.187739 0.346743 
9594 8.77125 0.469412 0.176275 0.354314 
9595 8.77613 0.508092 0.168593 0.323314 
9596 8.78073 0.506329 0.181435 0.312236 
9597 8.7769 0.453922 0.222549 0.323529 
9598 8.77777 0.444444 0.206499 0.349057 
9599 8.77886 0.444444 0.233135 0.322421 
9600 8.77067 0.465278 0.222222 0.3125 
9601 8.77532 0.446921 0.242038 0.31104 
9602 8.77717 0.457485 0.215569 0.326946 
9603 8.77816 0.4625 0.258333 0.279167 
9604 8.78319 0.473684 0.218324 0.307992 
9605 8.78471 0.511247 0.170757 0.317996 
9606 8.78202 0.526012 0.177264 0.296724 
9607 8.77811 0.495183 0.196532 0.308285 
9608 8.77459 0.501984 0.204365 0.293651 
9609 8.77544 0.463074 0.228543 0.308383 
9610 8.77625 0.484032 0.224551 0.291417 
9611 8.78408 0.467836 0.218324 0.31384 
9612 8.78721 0.446078 0.244118 0.309804 
9613 8.78561 0.469804 0.217255 0.312941 
9614 8.78756 0.472393 0.229039 0.298569 
9615 8.77279 0.543763 0.228016 0.228221 
9616 8.76918 0.530476 0.21619 0.253333 
9617 8.78462 0.551657 0.173489 0.274854 
9618 8.78928 0.515152 0.194949 0.289899 
9619 8.77861 0.50404 0.217172 0.278788 
9620 8.78457 0.5 0.21519 0.28481 
9621 8.78858 0.487097 0.221505 0.291398 
9622 8.77954 0.513605 0.248299 0.238095 
9623 8.79307 0.525386 0.190949 0.283664 
9624 8.79023 0.531697 0.180164 0.288139 
9625 8.78322 0.512398 0.202439 0.285163 
9626 8.80161 0.50303 0.207576 0.289394 
9627 8.79779 0.488166 0.203156 0.308679 
9628 8.80003 0.495155 0.172481 0.332364 
9629 8.81359 0.522346 0.157169 0.320484 
9630 8.78592 0.51087 0.22192 0.26721 
9631 8.79521 0.556548 0.183532 0.259921 
9632 8.76853 0.54049 0.196798 0.262712 
9633 8.80103 0.547753 0.179775 0.272472 
9634 8.80698 0.550366 0.186813 0.262821 
9635 8.79986 0.549267 0.210806 0.239927 
9636 8.79758 0.543169 0.178324 0.278506 
9637 8.7884 0.493295 0.214559 0.292146 
9638 8.78383 0.520556 0.187222 0.292222 
9639 8.80548 0.573099 0.163938 0.262963 
9640 8.8048 0.549234 0.212261 0.238506 
9641 8.80274 0.554945 0.185897 0.259158 
9642 8.8137 0.571701 0.165104 0.263194 
9643 8.80899 0.588172 0.173835 0.237993 
9644 8.78877 0.552823 0.213115 0.234062 
9645 8.78882 0.573477 0.174731 0.251792 
9646 8.79509 0.554955 0.178378 0.266667 
9647 8.79276 0.549348 0.172253 0.278399 
9648 8.79705 0.521739 0.182195 0.296066 
9649 8.79288 0.568072 0.214458 0.21747 
9650 8.79669 0.584505 0.196937 0.218559 
9651 8.80447 0.540143 0.192294 0.267563 
9652 8.8104 0.561404 0.167544 0.271053 
9653 8.80557 0.563429 0.16819 0.268381 
9654 8.80006 0.499053 0.189394 0.311553 
9655 8.80792 0.556911 0.151423 0.291667 
9656 8.81048 0.554217 0.149598 0.296185 
9657 8.81071 0.467456 0.22288 0.309665 
9658 8.8121 0.529872 0.187796 0.282332 
9659 8.79655 0.500762 0.176381 0.322857 
9660 8.80496 0.487968 0.185602 0.32643 
9661 8.80397 0.485955 0.203184 0.310861 
9662 8.80637 0.493446 0.197566 0.308989 
9663 8.79746 0.481319 0.213919 0.304762 
9664 8.80245 0.515185 0.216667 0.268148 
9665 8.79475 0.525714 0.182857 0.291429 
9666 8.81161 0.515595 0.183236 0.30117 
9667 8.80537 0.50641 0.207875 0.285714 
9668 8.80883 0.467949 0.244505 0.287546 
9669 8.80278 0.520143 0.178431 0.301426 
9670 8.7962 0.512204 0.214208 0.273588 
9671 8.79522 0.502793 0.210428 0.286778 
9672 8.8139 0.467033 0.188645 0.344322 
9673 8.79332 0.486772 0.205467 0.30776 
9674 8.79367 0.522688 0.223386 0.253927 
9675 8.80191 0.51468 0.215889 0.26943 
9676 8.80409 0.474411 0.23367 0.291919 
9677 8.80083 0.529304 0.211722 0.258974 
9678 8.81191 0.516578 0.194296 0.289127 
9679 8.80486 0.572287 0.161822 0.265891 
9680 8.79022 0.559659 0.197727 0.242614 
9681 8.80945 0.564835 0.148352 0.286813 
9682 8.80405 0.501852 0.159074 0.339074 
9683 8.81418 0.523137 0.191176 0.285686 
9684 8.81362 0.526511 0.202339 0.27115 
9685 8.80821 0.495471 0.218659 0.28587 
9686 8.80137 0.491714 0.178531 0.329755 
9687 8.80207 0.470433 0.19209 0.337476 
9688 8.80369 0.493992 0.233527 0.272481 
9689 8.79858 0.50578 0.204239 0.289981 
9690 8.79801 0.5 0.212291 0.287709 
9691 8.80708 0.486513 0.193642 0.319846 
9692 8.8077 0.493922 0.204902 0.301176 
9693 8.79848 0.531056 0.21118 0.257764 
9694 8.80336 0.476326 0.242424 0.28125 
9695 8.7927 0.479885 0.234674 0.285441 
9696 8.8006 0.473874 0.242342 0.283784 
9697 8.78523 0.489341 0.199612 0.311047 
9698 8.78729 0.472257 0.218634 0.30911 
9699 8.78469 0.496951 0.235569 0.26748 
9700 8.78611 0.510629 0.242205 0.247166 
9701 8.79802 0.536667 0.195 0.268333 
9702 8.79255 0.462366 0.241935 0.295699 
9703 8.79991 0.497126 0.222222 0.280651 
9704 8.79466 0.457557 0.225673 0.31677 
9705 8.79704 0.498148 0.21358 0.288272 
9706 8.79655 0.549578 0.223629 0.226793 
9707 8.79533 0.505051 0.199596 0.295354 
9708 8.80013 0.506579 0.232675 0.260746 
9709 8.79513 0.524837 0.195643 0.279521 
9710 8.81322 0.523965 0.179739 0.296296 
9711 8.81059 0.482993 0.180272 0.336735 
9712 8.79551 0.537681 0.202692 0.259627 
9713 8.79795 0.534188 0.226496 0.239316 
9714 8.80227 0.510923 0.194539 0.294539 
9715 8.79462 0.538889 0.225 0.236111 
9716 8.79238 0.522599 0.23258 0.244821 
9717 8.79442 0.530055 0.224044 0.245902 
9718 8.7888 0.538402 0.222222 0.239376 
9719 8.79746 0.55322 0.191288 0.255492 
9720 8.79096 0.53898 0.21184 0.24918 
9721 8.79529 0.52924 0.22807 0.24269 
9722 8.80524 0.515707 0.236475 0.247818 
9723 8.80508 0.507843 0.246078 0.246078 
9724 8.79496 0.522599 0.22693 0.250471 
9725 8.80126 0.523611 0.203299 0.27309 
9726 8.80478 0.512241 0.205273 0.282486 
9727 8.80069 0.494928 0.208333 0.296739 
9728 8.79699 0.510242 0.189944 0.299814 
9729 8.79271 0.504789 0.207663 0.287548 
9730 8.80133 0.456944 0.226587 0.316468 
9731 8.81529 0.459538 0.240848 0.299615 
9732 8.8061 0.468774 0.23659 0.294636 
9733 8.81159 0.45348 0.248352 0.298168 
9734 8.80144 0.452118 0.21547 0.332413 
9735 8.78969 0.435567 0.262027 0.302405 
9736 8.79901 0.458333 0.209601 0.332065 
9737 8.80829 0.436973 0.240996 0.322031 
9738 8.79343 0.424521 0.281226 0.294253 
9739 8.80561 0.456238 0.257169 0.286592 
9740 8.80049 0.462745 0.255437 0.281818 
9741 8.79683 0.525253 0.253367 0.22138 
9742 8.81194 0.484293 0.269634 0.246073 
9743 8.80781 0.473684 0.269298 0.257018 
9744 8.81282 0.490071 0.231915 0.278014 
9745 8.81927 0.480342 0.249573 0.270085 
9746 8.8205 0.527482 0.196809 0.275709 
9747 8.81841 0.526412 0.213115 0.260474 
9748 8.81627 0.473635 0.220339 0.306026 
9749 8.81708 0.504094 0.181287 0.31462 
9750 8.81683 0.464674 0.228261 0.307065 
9751 8.81261 0.487522 0.221925 0.290553 
9752 8.81423 0.50409 0.234151 0.261759 
9753 8.80944 0.531073 0.223164 0.245763 
9754 8.81013 0.505411 0.251082 0.243506 
9755 8.81809 0.490079 0.213889 0.296032 
9756 8.83119 0.50969 0.198643 0.291667 
9757 8.81698 0.470348 0.240082 0.289571 
9758 8.81796 0.430966 0.284813 0.284221 
9759 8.81921 0.491848 0.238949 0.269203 
9760 8.8161 0.424051 0.281646 0.294304 
9761 8.81358 0.486667 0.236364 0.27697 
9762 8.81984 0.47065 0.226415 0.302935 
9763 8.81276 0.512121 0.242424 0.245455 
9764 8.81975 0.479958 0.261603 0.258439 
9765 8.8289 0.452811 0.303213 0.243976 
9766 8.82125 0.473485 0.266098 0.260417 
9767 8.80818 0.447269 0.279661 0.27307 
9768 8.80035 0.489982 0.266849 0.243169 
9769 8.79968 0.452118 0.24954 0.298343 
9770 8.78974 0.457854 0.247126 0.295019 
9771 8.7989 0.4473 0.251955 0.300745 
9772 8.81396 0.417554 0.231755 0.35069 
9773 8.81413 0.477426 0.19789 0.324684 
9774 8.83149 0.44186 0.238372 0.319767 
9775 8.81915 0.426916 0.286096 0.286988 
9776 8.82379 0.491968 0.187751 0.320281 
9777 8.82664 0.455686 0.232353 0.311961 
9778 8.81463 0.43373 0.215873 0.350397 
9779 8.82449 0.511905 0.190476 0.297619 
9780 8.82326 0.491165 0.214458 0.294378 
9781 8.82169 0.505848 0.178363 0.315789 
9782 8.81858 0.465741 0.198148 0.336111 
9783 8.81482 0.481801 0.214559 0.30364 
9784 8.81693 0.438155 0.201258 0.360587 
9785 8.80292 0.49498 0.195783 0.309237 
9786 8.81119 0.499621 0.220644 0.279735 
9787 8.81996 0.52008 0.195783 0.284137 
9788 8.82142 0.499812 0.203013 0.297175 
9789 8.83419 0.515741 0.189815 0.294444 
9790 8.82298 0.48291 0.257022 0.260068 
9791 8.82923 0.47541 0.218579 0.306011 
9792 8.82571 0.47809 0.217041 0.304869 
9793 8.83199 0.512104 0.191806 0.296089 
9794 8.81404 0.469274 0.23743 0.293296 
9795 8.81565 0.501457 0.17541 0.323133 
9796 8.80842 0.486275 0.216667 0.297059 
9797 8.82884 0.543651 0.16369 0.292659 
9798 8.81818 0.550595 0.185516 0.263889 
9799 8.815 0.558032 0.169679 0.272289 
9800 8.82208 0.510417 0.160985 0.328598 
9801 8.81282 0.510185 0.185185 0.30463 
9802 8.82056 0.525926 0.172222 0.301852 
9803 8.81759 0.523148 0.182407 0.294444 
9804 8.81066 0.50813 0.175813 0.316057 
9805 8.83251 0.536723 0.163842 0.299435 
9806 8.83225 0.472727 0.183244 0.344029 
9807 8.82674 0.498467 0.221264 0.280268 
9808 8.81785 0.513215 0.206509 0.280276 
9809 8.82048 0.515244 0.180894 0.303862 
9810 8.83563 0.561453 0.143389 0.295158 
9811 8.81917 0.539205 0.189394 0.271402 
9812 8.82683 0.5 0.211055 0.288945 
9813 8.81207 0.46648 0.231844 0.301676 
9814 8.82236 0.51037 0.2 0.28963 
9815 8.82663 0.516473 0.17345 0.310078 
9816 8.84022 0.480978 0.185688 0.333333 
9817 8.83174 0.500942 0.185499 0.313559 
9818 8.83347 0.486339 0.212204 0.301457 
9819 8.84948 0.518116 0.146739 0.335145 
9820 8.83468 0.519774 0.169492 0.310734 
9821 8.82559 0.491713 0.196133 0.312155 
9822 8.81537 0.478095 0.228571 0.293333 
9823 8.8211 0.49498 0.210843 0.294177 
9824 8.80969 0.514228 0.189024 0.296748 
9825 8.81337 0.488636 0.24053 0.270833 
9826 8.81187 0.532946 0.182171 0.284884 
9827 8.82323 0.533898 0.145009 0.321092 
9828 8.81957 0.489418 0.195767 0.314815 
9829 8.82385 0.50448 0.201613 0.293907 
9830 8.81385 0.544316 0.142389 0.313295 
9831 8.80772 0.496935 0.227586 0.275479 
9832 8.81295 0.518182 0.192424 0.289394 
9833 8.82199 0.463415 0.212398 0.324187 
9834 8.81756 0.446078 0.234314 0.319608 
9835 8.81037 0.479042 0.207585 0.313373 
9836 8.8073 0.444123 0.252408 0.303468 
9837 8.8184 0.458101 0.225326 0.316574 
9838 8.81231 0.468927 0.259134 0.27194 
9839 8.80314 0.502247 0.234082 0.26367 
9840 8.81492 0.482731 0.226908 0.290361 
9841 8.82602 0.485404 0.230375 0.284221 
9842 8.82878 0.53125 0.184659 0.284091 
9843 8.83109 0.542659 0.202381 0.25496 
9844 8.83779 0.538536 0.179191 0.282274 
9845 8.8223 0.543762 0.201117 0.255121 
9846 8.81474 0.525362 0.217391 0.257246 
9847 8.83103 0.509058 0.188406 0.302536 
9848 8.82939 0.548352 0.180403 0.271245 
9849 8.8254 0.507584 0.217813 0.274603 
9850 8.82912 0.509107 0.201275 0.289617 
9851 8.8436 0.496435 0.230838 0.272727 
9852 8.82329 0.466486 0.211957 0.321558 
9853 8.82544 0.496798 0.190772 0.312429 
9854 8.8136 0.498127 0.199438 0.302434 
9855 8.82361 0.512821 0.199634 0.287546 
9856 8.83338 0.499123 0.187719 0.313158 
9857 8.8291 0.496373 0.184974 0.318653 
9858 8.82385 0.520942 0.19459 0.284468 
9859 8.83568 0.480138 0.202073 0.317789 
9860 8.84136 0.510638 0.210993 0.278369 
9861 8.83612 0.481228 0.227193 0.291579 
9862 8.83689 0.505747 0.195402 0.298851 
9863 8.84922 0.514733 0.201657 0.28361 
9864 8.83544 0.539007 0.185284 0.275709 
9865 8.8387 0.50977 0.204023 0.286207 
9866 8.83921 0.525501 0.177596 0.296903 
9867 8.84252 0.550645 0.150092 0.299263 
9868 8.83551 0.51462 0.174464 0.310916 
9869 8.83523 0.555871 0.141098 0.30303 
9870 8.83042 0.532407 0.164815 0.302778 
9871 8.83382 0.512891 0.180479 0.30663 
9872 8.82284 0.507483 0.182143 0.310374 
9873 8.81481 0.513889 0.176852 0.309259 
9874 8.83188 0.505814 0.176938 0.317248 
9875 8.82477 0.473879 0.154581 0.37154 
9876 8.83485 0.469534 0.200717 0.329749 
9877 8.83287 0.495544 0.180036 0.324421 
9878 8.83197 0.496089 0.170019 0.333892 
9879 8.83311 0.475189 0.168182 0.356629 
9880 8.82683 0.469524 0.206667 0.32381 
9881 8.8374 0.448582 0.210993 0.340426 
9882 8.82745 0.414508 0.247841 0.337651 
9883 8.81868 0.460591 0.213465 0.325944 
9884 8.83087 0.443316 0.201354 0.35533 
9885 8.83297 0.492308 0.193162 0.31453 
9886 8.82919 0.478185 0.196335 0.32548 
9887 8.838 0.499136 0.202073 0.298791 
9888 8.82658 0.528748 0.169312 0.30194 
9889 8.83258 0.535406 0.15285 0.311744 
9890 8.83268 0.499672 0.201314 0.299015 
9891 8.83495 0.492187 0.197049 0.310764 
9892 8.8225 0.465426 0.20656 0.328014 
9893 8.82204 0.503384 0.200338 0.296277 
9894 8.83068 0.527986 0.17861 0.293405 
9895 8.83657 0.531073 0.15725 0.311676 
9896 8.82401 0.51468 0.165803 0.319516 
9897 8.83676 0.527337 0.185185 0.287478 
9898 8.83407 0.527634 0.172712 0.299655 
9899 8.83543 0.521179 0.18232 0.296501 
9900 8.83596 0.508471 0.210497 0.281031 
9901 8.84287 0.488506 0.211823 0.299672 
9902 8.84331 0.488889 0.194017 0.317094 
9903 8.83614 0.482024 0.208377 0.309599 
9904 8.83326 0.4933 0.210218 0.296482 
9905 8.83464 0.466667 0.217117 0.316216 
9906 8.81908 0.456989 0.240143 0.302867 
9907 8.81816 0.489482 0.237864 0.272654 
9908 8.83271 0.5189 0.189003 0.292096 
9909 8.82806 0.498227 0.18617 0.315603 
9910 8.82419 0.482201 0.202265 0.315534 
9911 8.83426 0.5097 0.179012 0.311287 
9912 8.84611 0.509599 0.178883 0.311518 
9913 8.83525 0.449167 0.21 0.340833 
9914 8.83547 0.4625 0.202724 0.334776 
9915 8.83367 0.502551 0.196939 0.30051 
9916 8.83381 0.514834 0.190227 0.294939 
9917 8.83406 0.506173 0.161905 0.331922 
9918 8.83947 0.517391 0.20942 0.273188 
9919 8.84576 0.540107 0.182709 0.277184 
9920 8.84099 0.530466 0.197133 0.272401 
9921 8.84697 0.514991 0.187831 0.297178 
9922 8.82598 0.517098 0.212435 0.270466 
9923 8.84107 0.52066 0.201389 0.277951 
9924 8.84554 0.51912 0.198816 0.282064 
9925 8.85198 0.512781 0.177893 0.309326 
9926 8.84154 0.524302 0.182266 0.293432 
9927 8.85712 0.539196 0.161642 0.299162 
9928 8.84438 0.547455 0.173071 0.279475 
9929 8.83899 0.548797 0.165808 0.285395 
9930 8.85017 0.539564 0.209502 0.250935 
9931 8.8418 0.554023 0.176519 0.269458 
9932 8.84676 0.527751 0.188995 0.283254 
9933 8.84605 0.525665 0.176056 0.298279 
9934 8.85391 0.503016 0.17619 0.320794 
9935 8.83615 0.530781 0.193939 0.275279 
9936 8.8459 0.506161 0.181675 0.312164 
9937 8.84823 0.484194 0.168232 0.347574 
9938 8.84906 0.466508 0.203968 0.329524 
9939 8.82952 0.493471 0.212371 0.294158 
9940 8.84118 0.500713 0.190374 0.308913 
9941 8.84025 0.450592 0.215398 0.33401 
9942 8.83439 0.472251 0.186736 0.341012 
9943 8.83043 0.465993 0.206734 0.327273 
9944 8.83656 0.470667 0.1885 0.340833 
9945 8.84737 0.514213 0.16176 0.324027 
9946 8.84796 0.493717 0.186736 0.319546 
9947 8.8288 0.493548 0.21595 0.290502 
9948 8.83861 0.464171 0.249554 0.286275 
9949 8.84805 0.517112 0.212121 0.270766 
9950 8.84888 0.5 0.196491 0.303509 
9951 8.83817 0.448087 0.232423 0.31949 
9952 8.84858 0.510929 0.177596 0.311475 
9953 8.847 0.483604 0.188288 0.328108 
9954 8.84561 0.47644 0.202443 0.321117 
9955 8.84832 0.496429 0.186565 0.317007 
9956 8.84849 0.45679 0.193122 0.350088 
9957 8.84047 0.486949 0.198413 0.314638 
9958 8.82948 0.496911 0.22439 0.278699 
9959 8.82356 0.513568 0.210218 0.276214 
9960 8.84099 0.489966 0.198129 0.311905 
9961 8.83183 0.485618 0.203892 0.310491 
9962 8.82435 0.471821 0.222509 0.30567 
9963 8.8328 0.508065 0.195341 0.296595 
9964 8.84 0.508375 0.217755 0.273869 
9965 8.8483 0.512613 0.187387 0.3 
9966 8.85703 0.513441 0.182616 0.303943 
9967 8.85826 0.474359 0.177656 0.347985 
9968 8.85199 0.49287 0.191622 0.315508 
9969 8.84461 0.514109 0.184303 0.301587 
9970 8.83862 0.503943 0.192294 0.303763 
9971 8.82927 0.49053 0.189962 0.319508 
9972 8.83802 0.513258 0.169508 0.317235 
9973 8.82897 0.505348 0.177362 0.317291 
9974 8.84394 0.514686 0.186964 0.29835 
9975 8.83521 0.516844 0.171099 0.312057 
9976 8.84992 0.477011 0.162835 0.360153 
9977 8.8388 0.494681 0.185284 0.320035 
9978 8.82683 0.481028 0.197872 0.321099 
9979 8.84084 0.482309 0.190875 0.326816 
9980 8.8504 0.500882 0.203704 0.295414 
9981 8.84802 0.535842 0.175627 0.28853 
9982 8.85982 0.500969 0.179264 0.319767 
9983 8.8566 0.499113 0.234043 0.266844 
9984 8.85248 0.4918 0.206417 0.301783 
9985 8.85675 0.478947 0.195614 0.325439 
9986 8.85365 0.499832 0.213735 0.286432 
9987 8.86071 0.504491 0.225216 0.270294 
9988 8.86695 0.523012 0.213029 0.263959 
9989 8.8657 0.485088 0.228947 0.285965 
9990 8.87337 0.470539 0.218855 0.310606 
9991 8.8669 0.512887 0.189003 0.29811 
9992 8.86049 0.478299 0.199653 0.322049 
9993 8.85415 0.524324 0.186486 0.289189 
9994 8.86142 0.508772 0.194737 0.296491 
9995 8.85436 0.498217 0.207665 0.294118 
9996 8.85312 0.500855 0.20906 0.290085 
9997 8.84992 0.467822 0.228548 0.30363 
9998 8.86046 0.469035 0.224044 0.306922 
9999 8.86173 0.514912 0.192982 0.292105 
