#<p> fraction of dominance, coordination, coexistence
9500 9.60611 0.422002 0.147797 0.430201 
9501 9.61328 0.415304 0.142823 0.441873 
9502 9.61252 0.414118 0.140705 0.445177 
9503 9.59989 0.420532 0.142159 0.437309 
9504 9.59333 0.394593 0.152023 0.453384 
9505 9.59934 0.415789 0.144942 0.439269 
9506 9.60483 0.424513 0.142244 0.433243 
9507 9.61755 0.43915 0.136698 0.424152 
9508 9.62358 0.439036 0.142199 0.418765 
9509 9.6081 0.439701 0.145315 0.414984 
9510 9.59631 0.438095 0.150437 0.411468 
9511 9.60437 0.43844 0.147419 0.414141 
9512 9.61891 0.420676 0.149838 0.429486 
9513 9.61699 0.409933 0.162429 0.427638 
9514 9.59859 0.424293 0.154724 0.420982 
9515 9.59692 0.417154 0.146186 0.43666 
9516 9.60195 0.421651 0.153009 0.42534 
9517 9.60202 0.426751 0.144789 0.42846 
9518 9.58837 0.418954 0.162601 0.418444 
9519 9.60493 0.425365 0.155088 0.419547 
9520 9.61723 0.434201 0.149925 0.415875 
9521 9.61888 0.4384 0.145506 0.416095 
9522 9.61399 0.412656 0.160115 0.427229 
9523 9.60847 0.427685 0.153483 0.418832 
9524 9.61701 0.415746 0.155292 0.428962 
9525 9.60901 0.406709 0.159197 0.434094 
9526 9.6123 0.421788 0.15842 0.419792 
9527 9.60618 0.399868 0.169142 0.43099 
9528 9.60171 0.402969 0.158791 0.43824 
9529 9.61023 0.403228 0.151519 0.445253 
9530 9.61186 0.416638 0.150362 0.433001 
9531 9.60537 0.429841 0.145961 0.424198 
9532 9.61017 0.409365 0.16129 0.429345 
9533 9.62587 0.402132 0.168166 0.429702 
9534 9.61208 0.401816 0.162818 0.435366 
9535 9.60141 0.402183 0.169621 0.428197 
9536 9.60856 0.414624 0.166153 0.419222 
9537 9.61319 0.40462 0.165795 0.429585 
9538 9.62876 0.413379 0.158923 0.427698 
9539 9.61838 0.399631 0.158143 0.442226 
9540 9.61554 0.416587 0.16874 0.414673 
9541 9.61582 0.409792 0.169787 0.420421 
9542 9.61925 0.419568 0.170241 0.410191 
9543 9.61278 0.409387 0.157955 0.432658 
9544 9.61827 0.406717 0.145214 0.448069 
9545 9.61124 0.39795 0.154834 0.447217 
9546 9.60816 0.408342 0.157659 0.433999 
9547 9.60585 0.421658 0.158275 0.420067 
9548 9.60288 0.412804 0.161532 0.425664 
9549 9.60214 0.408975 0.148627 0.442398 
9550 9.6208 0.421836 0.161085 0.41708 
9551 9.6101 0.415958 0.143724 0.440317 
9552 9.61757 0.411785 0.137136 0.451079 
9553 9.62316 0.404204 0.139491 0.456306 
9554 9.60908 0.406312 0.159237 0.434451 
9555 9.61552 0.410063 0.163275 0.426662 
9556 9.63426 0.419678 0.147411 0.432911 
9557 9.63875 0.424592 0.133328 0.44208 
9558 9.62704 0.423637 0.137341 0.439023 
9559 9.64069 0.414139 0.145412 0.44045 
9560 9.6525 0.431761 0.139079 0.42916 
9561 9.63835 0.41512 0.142698 0.442181 
9562 9.64175 0.416299 0.13486 0.448841 
9563 9.63106 0.427246 0.143902 0.428852 
9564 9.64258 0.436573 0.149967 0.413461 
9565 9.63897 0.431872 0.153837 0.414291 
9566 9.63575 0.421784 0.141554 0.436662 
9567 9.63279 0.423903 0.157929 0.418168 
9568 9.62393 0.434374 0.144214 0.421412 
9569 9.62558 0.418648 0.147937 0.433415 
9570 9.6166 0.428067 0.145436 0.426498 
9571 9.6207 0.419485 0.153931 0.426584 
9572 9.62817 0.415329 0.15621 0.42846 
9573 9.62618 0.409921 0.148424 0.441656 
9574 9.62567 0.406282 0.148883 0.444835 
9575 9.62626 0.411495 0.133732 0.454773 
9576 9.62548 0.412231 0.139874 0.447895 
9577 9.60743 0.412698 0.169198 0.418104 
9578 9.61366 0.4185 0.15144 0.43006 
9579 9.62256 0.422517 0.145588 0.431895 
9580 9.6157 0.422803 0.147771 0.429426 
9581 9.638 0.427899 0.151535 0.420566 
9582 9.63276 0.425917 0.149541 0.424541 
9583 9.62381 0.42824 0.145299 0.426461 
9584 9.62857 0.434125 0.149423 0.416452 
9585 9.62221 0.437471 0.152167 0.410361 
9586 9.62249 0.428478 0.158433 0.41309 
9587 9.62189 0.42907 0.154499 0.416431 
9588 9.60795 0.425467 0.158528 0.416005 
9589 9.61016 0.433013 0.150854 0.416133 
9590 9.60482 0.405342 0.16283 0.431828 
9591 9.61855 0.419698 0.153644 0.426658 
9592 9.63231 0.422285 0.146299 0.431416 
9593 9.62875 0.446249 0.147982 0.405769 
9594 9.63324 0.446561 0.156029 0.39741 
9595 9.61989 0.424333 0.155297 0.42037 
9596 9.61911 0.443489 0.151149 0.405363 
9597 9.62151 0.433957 0.147517 0.418526 
9598 9.63385 0.432547 0.153047 0.414406 
9599 9.63757 0.421219 0.156831 0.42195 
9600 9.63857 0.428892 0.154559 0.416549 
9601 9.63818 0.424056 0.164439 0.411505 
9602 9.63976 0.426032 0.159054 0.414914 
9603 9.62713 0.421267 0.158065 0.420668 
9604 9.61833 0.40797 0.161676 0.430354 
9605 9.60641 0.416756 0.155507 0.427737 
9606 9.61992 0.414297 0.13746 0.448243 
9607 9.62956 0.420022 0.136147 0.443831 
9608 9.64467 0.411326 0.156436 0.432237 
9609 9.62602 0.413571 0.147846 0.438583 
9610 9.6165 0.414815 0.162544 0.422641 
9611 9.60888 0.4077 0.168116 0.424184 
9612 9.60809 0.416964 0.152502 0.430534 
9613 9.61452 0.414988 0.153301 0.431711 
9614 9.61412 0.403858 0.154995 0.441147 
9615 9.61903 0.405149 0.147859 0.446993 
9616 9.62803 0.402091 0.136974 0.460935 
9617 9.6292 0.425291 0.143845 0.430865 
9618 9.62517 0.419302 0.148029 0.432669 
9619 9.62161 0.419617 0.147635 0.432748 
9620 9.62897 0.407694 0.15889 0.433416 
9621 9.62175 0.401758 0.160206 0.438035 
9622 9.63116 0.406301 0.158012 0.435687 
9623 9.63463 0.428183 0.162774 0.409043 
9624 9.62359 0.427079 0.178577 0.394344 
9625 9.6225 0.407189 0.175543 0.417268 
9626 9.61664 0.410367 0.16498 0.424653 
9627 9.62541 0.41434 0.16439 0.42127 
9628 9.63762 0.41351 0.159021 0.427468 
9629 9.63027 0.414152 0.156186 0.429662 
9630 9.61925 0.418862 0.155696 0.425442 
9631 9.63338 0.424598 0.1558 0.419603 
9632 9.62216 0.422215 0.159687 0.418098 
9633 9.61426 0.413689 0.168908 0.417403 
9634 9.62218 0.414098 0.162743 0.423159 
9635 9.62139 0.407695 0.161997 0.430308 
9636 9.62974 0.4013 0.164373 0.434327 
9637 9.62731 0.398633 0.16261 0.438757 
9638 9.62618 0.400889 0.15979 0.439321 
9639 9.62024 0.410892 0.148826 0.440282 
9640 9.61753 0.407517 0.15026 0.442223 
9641 9.63355 0.401678 0.156108 0.442214 
9642 9.62687 0.427685 0.151017 0.421298 
9643 9.61782 0.421912 0.163302 0.414786 
9644 9.62576 0.41682 0.16179 0.42139 
9645 9.62362 0.421555 0.158496 0.419949 
9646 9.61194 0.429833 0.153807 0.416359 
9647 9.60855 0.416007 0.154706 0.429287 
9648 9.60666 0.413213 0.145227 0.44156 
9649 9.59309 0.410181 0.147094 0.442725 
9650 9.60983 0.399507 0.157925 0.442568 
9651 9.60887 0.407215 0.156314 0.436471 
9652 9.6287 0.410814 0.157431 0.431755 
9653 9.61875 0.445189 0.162779 0.392032 
9654 9.62249 0.433443 0.150385 0.416172 
9655 9.62039 0.438388 0.144144 0.417468 
9656 9.62301 0.44379 0.139877 0.416334 
9657 9.62454 0.43172 0.147653 0.420627 
9658 9.61603 0.434381 0.158862 0.406757 
9659 9.62434 0.425419 0.153979 0.420602 
9660 9.61614 0.42573 0.157549 0.416722 
9661 9.62562 0.447576 0.142251 0.410173 
9662 9.61732 0.446605 0.152874 0.400521 
9663 9.61931 0.453833 0.138251 0.407916 
9664 9.62028 0.445509 0.140427 0.414063 
9665 9.6286 0.451392 0.139414 0.409194 
9666 9.63748 0.44377 0.143352 0.412878 
9667 9.62822 0.453795 0.135574 0.410631 
9668 9.64165 0.455807 0.134545 0.409649 
9669 9.63207 0.448774 0.131381 0.419845 
9670 9.62844 0.435823 0.144452 0.419726 
9671 9.63306 0.438223 0.140365 0.421412 
9672 9.62935 0.433112 0.14057 0.426318 
9673 9.6342 0.426748 0.136946 0.436305 
9674 9.63742 0.442912 0.129077 0.428012 
9675 9.63992 0.424203 0.144816 0.430982 
9676 9.64907 0.426367 0.135824 0.437809 
9677 9.63753 0.431057 0.146502 0.422441 
9678 9.64173 0.42999 0.143035 0.426975 
9679 9.64427 0.413817 0.152642 0.433541 
9680 9.63484 0.407064 0.157825 0.435111 
9681 9.64199 0.417926 0.155672 0.426402 
9682 9.64024 0.417012 0.16663 0.416358 
9683 9.6493 0.428946 0.156079 0.414975 
9684 9.6454 0.434391 0.150526 0.415083 
9685 9.63446 0.430037 0.149168 0.420795 
9686 9.63173 0.442403 0.136784 0.420812 
9687 9.63062 0.445311 0.143832 0.410857 
9688 9.63283 0.449402 0.140105 0.410493 
9689 9.64379 0.455164 0.147305 0.397531 
9690 9.64338 0.445808 0.140963 0.413228 
9691 9.65113 0.448515 0.141338 0.410147 
9692 9.62539 0.456822 0.136528 0.40665 
9693 9.61952 0.452675 0.143991 0.403334 
9694 9.63072 0.445021 0.137571 0.417408 
9695 9.63539 0.43469 0.142054 0.423256 
9696 9.63462 0.440689 0.134188 0.425123 
9697 9.65426 0.43054 0.13379 0.43567 
9698 9.64915 0.43495 0.137281 0.427768 
9699 9.6578 0.424656 0.136398 0.438947 
9700 9.65498 0.42885 0.140932 0.430218 
9701 9.65862 0.434424 0.131118 0.434457 
9702 9.64985 0.404138 0.152397 0.443465 
9703 9.6503 0.424496 0.142623 0.43288 
9704 9.66154 0.427893 0.146601 0.425506 
9705 9.64568 0.420684 0.154514 0.424802 
9706 9.64728 0.431645 0.141201 0.427154 
9707 9.6489 0.422587 0.136214 0.441199 
9708 9.64472 0.419457 0.148986 0.431557 
9709 9.63583 0.417837 0.146613 0.43555 
9710 9.64095 0.417972 0.1502 0.431828 
9711 9.64083 0.414088 0.149073 0.43684 
9712 9.65125 0.424955 0.14779 0.427255 
9713 9.63951 0.417925 0.151156 0.430918 
9714 9.65256 0.427334 0.148191 0.424476 
9715 9.64428 0.42982 0.149598 0.420583 
9716 9.64719 0.433886 0.144496 0.421618 
9717 9.64744 0.424065 0.152303 0.423633 
9718 9.64575 0.424006 0.134967 0.441027 
9719 9.64378 0.431479 0.131176 0.437345 
9720 9.67085 0.425453 0.136469 0.438078 
9721 9.64952 0.42764 0.145562 0.426798 
9722 9.65426 0.433038 0.137651 0.429311 
9723 9.66745 0.415428 0.137773 0.446799 
9724 9.66347 0.401909 0.139128 0.458963 
9725 9.66533 0.428383 0.134582 0.437035 
9726 9.66998 0.42019 0.143096 0.436714 
9727 9.65662 0.433212 0.137939 0.428849 
9728 9.66918 0.44063 0.140454 0.418916 
9729 9.64686 0.437072 0.138898 0.424029 
9730 9.63761 0.4403 0.140801 0.418899 
9731 9.64562 0.419415 0.142724 0.437862 
9732 9.65253 0.435105 0.139117 0.425777 
9733 9.65821 0.415925 0.14182 0.442255 
9734 9.64508 0.425908 0.139258 0.434834 
9735 9.64504 0.416066 0.124416 0.459518 
9736 9.66159 0.41806 0.126582 0.455358 
9737 9.64678 0.418203 0.136598 0.445199 
9738 9.64709 0.412327 0.129034 0.45864 
9739 9.63403 0.415222 0.138987 0.445791 
9740 9.63628 0.41679 0.127401 0.455809 
9741 9.64799 0.409571 0.134477 0.455951 
9742 9.64971 0.406011 0.129255 0.464734 
9743 9.65017 0.389507 0.140571 0.469922 
9744 9.67133 0.409887 0.129582 0.460531 
9745 9.66098 0.427285 0.124719 0.447995 
9746 9.67193 0.414695 0.132674 0.45263 
9747 9.66479 0.405593 0.125995 0.468412 
9748 9.66248 0.417261 0.139921 0.442819 
9749 9.65118 0.407473 0.138359 0.454168 
9750 9.65538 0.4 0.134943 0.465057 
9751 9.64241 0.385775 0.144444 0.46978 
9752 9.64446 0.408317 0.142504 0.449179 
9753 9.64195 0.396059 0.138999 0.464942 
9754 9.64437 0.396281 0.139261 0.464458 
9755 9.65396 0.402132 0.133825 0.464043 
9756 9.64889 0.397968 0.148469 0.453563 
9757 9.64149 0.396758 0.144686 0.458556 
9758 9.64566 0.413612 0.144194 0.442195 
9759 9.63611 0.406312 0.158494 0.435194 
9760 9.6399 0.41044 0.153462 0.436098 
9761 9.64415 0.403916 0.138407 0.457677 
9762 9.64359 0.39617 0.140437 0.463392 
9763 9.65743 0.398768 0.137662 0.46357 
9764 9.64691 0.394759 0.139255 0.465986 
9765 9.65158 0.403039 0.151584 0.445377 
9766 9.6475 0.42015 0.154192 0.425659 
9767 9.66314 0.408068 0.140227 0.451705 
9768 9.65883 0.405076 0.13785 0.457073 
9769 9.65633 0.405362 0.137418 0.45722 
9770 9.66265 0.414643 0.144281 0.441076 
9771 9.67208 0.388489 0.161635 0.449876 
9772 9.65446 0.40289 0.155141 0.44197 
9773 9.66099 0.397693 0.163167 0.43914 
9774 9.67048 0.416575 0.135849 0.447576 
9775 9.67373 0.420106 0.134322 0.445571 
9776 9.6461 0.420322 0.1406 0.439078 
9777 9.6504 0.410432 0.149833 0.439734 
9778 9.65585 0.402835 0.149184 0.44798 
9779 9.65571 0.410057 0.152772 0.437171 
9780 9.64865 0.401791 0.148771 0.449438 
9781 9.6651 0.390632 0.156197 0.453171 
9782 9.65432 0.410767 0.137529 0.451704 
9783 9.6616 0.416908 0.14462 0.438471 
9784 9.66458 0.416172 0.142202 0.441627 
9785 9.66331 0.414435 0.146215 0.439349 
9786 9.67166 0.403118 0.149938 0.446944 
9787 9.65554 0.409089 0.139703 0.451207 
9788 9.65522 0.40636 0.146132 0.447508 
9789 9.64626 0.422017 0.141348 0.436636 
9790 9.64259 0.412733 0.161839 0.425428 
9791 9.6511 0.40854 0.149541 0.441918 
9792 9.65954 0.407072 0.145298 0.44763 
9793 9.6498 0.424576 0.13936 0.436065 
9794 9.64243 0.433992 0.135923 0.430086 
9795 9.6493 0.442568 0.122913 0.434519 
9796 9.65162 0.434109 0.135238 0.430653 
9797 9.6541 0.422002 0.139147 0.43885 
9798 9.66347 0.399828 0.153191 0.44698 
9799 9.66706 0.388424 0.169672 0.441904 
9800 9.669 0.400067 0.15466 0.445273 
9801 9.67461 0.387626 0.157573 0.454801 
9802 9.65766 0.390437 0.160531 0.449032 
9803 9.66131 0.409025 0.140882 0.450093 
9804 9.66236 0.415793 0.151267 0.43294 
9805 9.66117 0.403788 0.132318 0.463895 
9806 9.653 0.391695 0.141689 0.466616 
9807 9.65732 0.409112 0.142318 0.44857 
9808 9.66371 0.385355 0.152728 0.461916 
9809 9.66628 0.398909 0.146825 0.454266 
9810 9.66186 0.382918 0.152711 0.464371 
9811 9.6634 0.392284 0.151033 0.456682 
9812 9.65948 0.413053 0.151623 0.435324 
9813 9.65941 0.408622 0.145398 0.44598 
9814 9.65217 0.420081 0.14854 0.431379 
9815 9.64712 0.392729 0.155427 0.451844 
9816 9.65605 0.401298 0.151105 0.447597 
9817 9.64394 0.400424 0.154191 0.445385 
9818 9.66102 0.396105 0.159783 0.444111 
9819 9.66095 0.399164 0.152909 0.447927 
9820 9.65881 0.398568 0.149229 0.452203 
9821 9.66553 0.391257 0.161352 0.447391 
9822 9.66864 0.409134 0.150323 0.440543 
9823 9.66161 0.411916 0.140024 0.44806 
9824 9.66628 0.409027 0.129245 0.461728 
9825 9.65492 0.41176 0.138045 0.450194 
9826 9.66085 0.4113 0.143643 0.445057 
9827 9.67589 0.412764 0.131823 0.455412 
9828 9.67046 0.409371 0.139125 0.451504 
9829 9.65807 0.422417 0.146204 0.431379 
9830 9.66458 0.428212 0.141465 0.430323 
9831 9.65936 0.410305 0.143231 0.446464 
9832 9.66464 0.417307 0.137406 0.445287 
9833 9.67564 0.40251 0.141694 0.455796 
9834 9.66278 0.401171 0.140798 0.458031 
9835 9.64957 0.395679 0.148896 0.455425 
9836 9.65816 0.402955 0.144619 0.452425 
9837 9.65278 0.400082 0.145742 0.454176 
9838 9.66179 0.403159 0.152746 0.444096 
9839 9.66348 0.411208 0.141775 0.447017 
9840 9.65386 0.416863 0.148652 0.434485 
9841 9.65969 0.403955 0.14205 0.453995 
9842 9.65681 0.399232 0.151695 0.449073 
9843 9.6626 0.396621 0.14018 0.463199 
9844 9.6687 0.396047 0.142254 0.4617 
9845 9.6654 0.398048 0.146117 0.455836 
9846 9.66599 0.414066 0.131524 0.45441 
9847 9.66539 0.413084 0.133455 0.453461 
9848 9.67166 0.394216 0.150467 0.455316 
9849 9.67141 0.383544 0.149767 0.466689 
9850 9.66777 0.398939 0.139786 0.461275 
9851 9.67367 0.380975 0.15004 0.468985 
9852 9.66721 0.396861 0.149384 0.453755 
9853 9.67282 0.40629 0.13955 0.45416 
9854 9.65622 0.404785 0.141304 0.453911 
9855 9.66035 0.416672 0.125318 0.458009 
9856 9.65795 0.419595 0.128951 0.451453 
9857 9.65855 0.40979 0.148662 0.441547 
9858 9.67207 0.425069 0.139465 0.435466 
9859 9.6595 0.408367 0.145618 0.446015 
9860 9.65954 0.403125 0.155853 0.441022 
9861 9.65158 0.399619 0.149227 0.451155 
9862 9.64818 0.398592 0.155626 0.445782 
9863 9.65439 0.415354 0.146226 0.43842 
9864 9.63608 0.415375 0.144297 0.440328 
9865 9.64451 0.405311 0.172202 0.422487 
9866 9.66059 0.403748 0.150386 0.445866 
9867 9.66671 0.414313 0.153947 0.431741 
9868 9.65172 0.416886 0.146793 0.436322 
9869 9.66811 0.401536 0.15706 0.441404 
9870 9.65785 0.399566 0.158217 0.442217 
9871 9.65646 0.405544 0.146971 0.447485 
9872 9.66592 0.411043 0.15 0.438957 
9873 9.66009 0.435649 0.136055 0.428295 
9874 9.67357 0.425168 0.136508 0.438324 
9875 9.68697 0.439235 0.139415 0.421351 
9876 9.66853 0.429647 0.13881 0.431543 
9877 9.66103 0.415415 0.143957 0.440628 
9878 9.65201 0.411682 0.144523 0.443794 
9879 9.65678 0.405828 0.161438 0.432734 
9880 9.65873 0.407765 0.145678 0.446557 
9881 9.65824 0.431195 0.142171 0.426634 
9882 9.669 0.426726 0.147261 0.426013 
9883 9.67391 0.390356 0.144194 0.46545 
9884 9.67956 0.414694 0.142704 0.442602 
9885 9.67466 0.419458 0.13238 0.448162 
9886 9.6703 0.436395 0.129778 0.433827 
9887 9.66111 0.436083 0.133412 0.430505 
9888 9.65232 0.410959 0.15394 0.435101 
9889 9.6619 0.415471 0.158372 0.426158 
9890 9.66393 0.413388 0.155772 0.43084 
9891 9.65935 0.414905 0.156784 0.428311 
9892 9.67258 0.406642 0.150151 0.443207 
9893 9.65067 0.393118 0.159538 0.447344 
9894 9.64712 0.393082 0.162217 0.4447 
9895 9.66168 0.400022 0.162409 0.437569 
9896 9.66337 0.397733 0.154242 0.448025 
9897 9.65721 0.403935 0.149296 0.44677 
9898 9.66617 0.402956 0.150279 0.446765 
9899 9.66298 0.41476 0.149013 0.436227 
9900 9.65474 0.427721 0.148348 0.423931 
9901 9.6694 0.41339 0.147569 0.439041 
9902 9.66723 0.402852 0.16445 0.432698 
9903 9.66974 0.416327 0.149175 0.434498 
9904 9.68299 0.403145 0.154696 0.442159 
9905 9.66847 0.420869 0.15922 0.419911 
9906 9.65898 0.405184 0.166007 0.428809 
9907 9.65911 0.407283 0.166609 0.426108 
9908 9.67 0.41257 0.155279 0.432151 
9909 9.65315 0.408721 0.161689 0.429591 
9910 9.66524 0.408751 0.14707 0.44418 
9911 9.66816 0.421702 0.136281 0.442017 
9912 9.6675 0.425723 0.143028 0.431249 
9913 9.67306 0.391114 0.159346 0.449539 
9914 9.68106 0.417094 0.153088 0.429818 
9915 9.67626 0.431627 0.147577 0.420796 
9916 9.67169 0.427362 0.142227 0.430411 
9917 9.677 0.427725 0.149978 0.422296 
9918 9.67376 0.422134 0.148574 0.429293 
9919 9.66454 0.415455 0.152177 0.432368 
9920 9.65698 0.436263 0.150288 0.413449 
9921 9.65461 0.434631 0.143327 0.422042 
9922 9.66123 0.437542 0.145931 0.416527 
9923 9.67252 0.424621 0.137915 0.437463 
9924 9.65766 0.439269 0.122908 0.437822 
9925 9.65833 0.426835 0.13531 0.437855 
9926 9.66351 0.420761 0.140644 0.438594 
9927 9.66797 0.424762 0.142408 0.43283 
9928 9.67913 0.414996 0.13803 0.446975 
9929 9.66504 0.447247 0.133049 0.419704 
9930 9.67488 0.435683 0.135074 0.429243 
9931 9.67088 0.432549 0.139327 0.428124 
9932 9.66579 0.4353 0.138537 0.426163 
9933 9.65243 0.444191 0.143702 0.412107 
9934 9.65614 0.440621 0.148527 0.410853 
9935 9.65162 0.430444 0.159224 0.410332 
9936 9.6646 0.438059 0.149719 0.412222 
9937 9.67109 0.433603 0.145362 0.421034 
9938 9.66189 0.429259 0.148521 0.42222 
9939 9.66584 0.437175 0.147305 0.415519 
9940 9.6703 0.436211 0.144124 0.419664 
9941 9.65308 0.437631 0.149203 0.413166 
9942 9.65114 0.438424 0.148459 0.413117 
9943 9.65956 0.442252 0.156522 0.401226 
9944 9.65258 0.441964 0.144045 0.413992 
9945 9.65963 0.436594 0.142101 0.421305 
9946 9.65891 0.425244 0.148217 0.426539 
9947 9.65844 0.425351 0.159109 0.41554 
9948 9.65636 0.413212 0.156501 0.430288 
9949 9.65409 0.419319 0.150129 0.430552 
9950 9.66196 0.417629 0.155587 0.426784 
9951 9.65743 0.423449 0.150554 0.425997 
9952 9.66906 0.408356 0.156943 0.434702 
9953 9.6667 0.413076 0.148978 0.437946 
9954 9.66031 0.409075 0.147767 0.443158 
9955 9.65659 0.438666 0.148941 0.412392 
9956 9.65456 0.432477 0.149271 0.418252 
9957 9.66596 0.410234 0.159568 0.430198 
9958 9.65943 0.404433 0.15853 0.437037 
9959 9.6586 0.417282 0.164384 0.418334 
9960 9.65457 0.411414 0.15155 0.437036 
9961 9.64795 0.429909 0.148479 0.421612 
9962 9.65233 0.415107 0.16004 0.424854 
9963 9.66014 0.418298 0.158183 0.423519 
9964 9.65054 0.413382 0.165619 0.420999 
9965 9.66113 0.415362 0.165335 0.419303 
9966 9.65215 0.417633 0.171945 0.410422 
9967 9.65412 0.414757 0.16852 0.416723 
9968 9.64293 0.412486 0.180114 0.4074 
9969 9.65004 0.429315 0.173038 0.397647 
9970 9.65783 0.418543 0.165207 0.41625 
9971 9.65702 0.424439 0.169186 0.406375 
9972 9.66677 0.419872 0.170216 0.409912 
9973 9.65835 0.435798 0.158586 0.405617 
9974 9.66532 0.420428 0.157104 0.422468 
9975 9.65922 0.434177 0.158258 0.407565 
9976 9.66305 0.417262 0.151499 0.431239 
9977 9.65148 0.422895 0.155809 0.421296 
9978 9.65962 0.411226 0.164313 0.424461 
9979 9.65697 0.424092 0.162111 0.413797 
9980 9.65983 0.425866 0.152778 0.421356 
9981 9.63666 0.4407 0.149541 0.409759 
9982 9.64625 0.426185 0.153883 0.419932 
9983 9.65851 0.421771 0.159485 0.418744 
9984 9.65286 0.417968 0.172571 0.409461 
9985 9.66399 0.405955 0.176457 0.417588 
9986 9.66676 0.40868 0.159422 0.431898 
9987 9.67176 0.407867 0.164495 0.427638 
9988 9.66743 0.400537 0.150453 0.449011 
9989 9.66211 0.397059 0.155958 0.446983 
9990 9.67461 0.399631 0.154393 0.445976 
9991 9.65771 0.405071 0.155912 0.439017 
9992 9.65776 0.407532 0.153942 0.438525 
9993 9.66482 0.389242 0.161886 0.448872 
9994 9.65495 0.399722 0.169485 0.430793 
9995 9.67065 0.398444 0.161184 0.440372 
9996 9.66858 0.415482 0.163661 0.420858 
9997 9.66696 0.411189 0.163162 0.425649 
9998 9.65903 0.421739 0.162603 0.415658 
9999 9.65977 0.41515 0.156746 0.428104 
