#<p> fraction of dominance, coordination, coexistence
9500 9.27905 0.435392 0.175588 0.38902 
9501 9.27132 0.437755 0.181204 0.381041 
9502 9.26631 0.427964 0.18612 0.385917 
9503 9.27395 0.437744 0.167077 0.395179 
9504 9.26342 0.431176 0.182549 0.386275 
9505 9.28883 0.437525 0.166467 0.396008 
9506 9.27638 0.41896 0.182671 0.398369 
9507 9.29033 0.421294 0.190348 0.388358 
9508 9.27334 0.421919 0.196061 0.38202 
9509 9.26958 0.438109 0.193665 0.368226 
9510 9.27736 0.432657 0.188889 0.378454 
9511 9.27639 0.448218 0.163102 0.38868 
9512 9.28732 0.43262 0.157085 0.410296 
9513 9.27577 0.457362 0.157873 0.384765 
9514 9.27988 0.452544 0.161578 0.385877 
9515 9.27536 0.434684 0.175508 0.389808 
9516 9.28108 0.424119 0.182104 0.393777 
9517 9.2799 0.454335 0.177913 0.367752 
9518 9.29238 0.459531 0.16597 0.374499 
9519 9.29439 0.433333 0.163255 0.403411 
9520 9.29121 0.43211 0.165953 0.401937 
9521 9.28566 0.437109 0.171972 0.390919 
9522 9.27279 0.462929 0.178889 0.358182 
9523 9.28416 0.465337 0.174335 0.360327 
9524 9.28252 0.456269 0.157495 0.386236 
9525 9.28231 0.448849 0.170871 0.38028 
9526 9.28286 0.444704 0.179009 0.376288 
9527 9.28455 0.419685 0.183532 0.396783 
9528 9.27325 0.431901 0.186824 0.381275 
9529 9.26684 0.421364 0.167768 0.410868 
9530 9.26583 0.425554 0.171879 0.402567 
9531 9.27156 0.432957 0.172854 0.394189 
9532 9.25715 0.462514 0.172123 0.365363 
9533 9.26586 0.454689 0.174492 0.370819 
9534 9.26238 0.464863 0.170707 0.36443 
9535 9.27776 0.453721 0.180326 0.365953 
9536 9.28737 0.490844 0.161043 0.348114 
9537 9.29396 0.48319 0.168672 0.348138 
9538 9.2748 0.48228 0.163218 0.354502 
9539 9.27659 0.46 0.172864 0.367136 
9540 9.26725 0.473432 0.164718 0.36185 
9541 9.27157 0.47573 0.181269 0.343001 
9542 9.27144 0.44577 0.17737 0.37686 
9543 9.26879 0.460534 0.174283 0.365183 
9544 9.26633 0.448876 0.181329 0.369795 
9545 9.27142 0.471063 0.164213 0.364724 
9546 9.27068 0.475955 0.181631 0.342415 
9547 9.26658 0.468355 0.179495 0.35215 
9548 9.26499 0.462177 0.159947 0.377876 
9549 9.26993 0.468278 0.179515 0.352207 
9550 9.25646 0.465695 0.190087 0.344218 
9551 9.25952 0.450992 0.189583 0.359425 
9552 9.27169 0.451489 0.167012 0.381499 
9553 9.27134 0.476036 0.162382 0.361582 
9554 9.24565 0.464888 0.182899 0.352213 
9555 9.25698 0.460546 0.174789 0.364665 
9556 9.26017 0.450939 0.174924 0.374137 
9557 9.25148 0.455629 0.173663 0.370708 
9558 9.27276 0.438182 0.174898 0.386919 
9559 9.26939 0.443622 0.168247 0.388132 
9560 9.26898 0.457835 0.175512 0.366653 
9561 9.2701 0.46288 0.176954 0.360167 
9562 9.27539 0.445381 0.188024 0.366595 
9563 9.27879 0.454561 0.185126 0.360313 
9564 9.27702 0.441125 0.188045 0.37083 
9565 9.2703 0.452395 0.181701 0.365904 
9566 9.26783 0.437357 0.185512 0.377131 
9567 9.28262 0.442701 0.195465 0.361834 
9568 9.26978 0.441469 0.199028 0.359503 
9569 9.28755 0.444773 0.188921 0.366306 
9570 9.28307 0.436452 0.191642 0.371906 
9571 9.28019 0.452544 0.180095 0.367361 
9572 9.28064 0.460088 0.16079 0.379122 
9573 9.28607 0.457255 0.152981 0.389764 
9574 9.29459 0.432412 0.1875 0.380088 
9575 9.28361 0.429535 0.202183 0.368282 
9576 9.27927 0.43665 0.179273 0.384077 
9577 9.27401 0.433179 0.194107 0.372714 
9578 9.2782 0.445609 0.184921 0.36947 
9579 9.27988 0.453833 0.178788 0.367379 
9580 9.29431 0.432316 0.187636 0.380048 
9581 9.27436 0.424993 0.208196 0.366811 
9582 9.26606 0.422336 0.195995 0.381669 
9583 9.25975 0.417048 0.221871 0.361082 
9584 9.27434 0.440902 0.189108 0.36999 
9585 9.28153 0.442584 0.180045 0.377371 
9586 9.27596 0.444792 0.187327 0.367881 
9587 9.28154 0.430679 0.198383 0.370937 
9588 9.28904 0.406941 0.204762 0.388297 
9589 9.28916 0.413164 0.192573 0.394262 
9590 9.28565 0.417372 0.199351 0.383277 
9591 9.28351 0.428089 0.182493 0.389418 
9592 9.28545 0.425003 0.18691 0.388088 
9593 9.2905 0.429748 0.182934 0.387318 
9594 9.28236 0.413504 0.184904 0.401592 
9595 9.28312 0.422728 0.196811 0.380461 
9596 9.27602 0.408744 0.211501 0.379755 
9597 9.2889 0.405154 0.196646 0.3982 
9598 9.29182 0.409062 0.195253 0.395685 
9599 9.27405 0.4099 0.187741 0.402359 
9600 9.27857 0.420231 0.188153 0.391616 
9601 9.2745 0.432031 0.181176 0.386793 
9602 9.28744 0.435573 0.191313 0.373115 
9603 9.2944 0.432053 0.178227 0.389719 
9604 9.29103 0.418574 0.182153 0.399273 
9605 9.28798 0.438544 0.173048 0.388408 
9606 9.28908 0.441868 0.166073 0.392059 
9607 9.28883 0.408912 0.200939 0.39015 
9608 9.28798 0.430313 0.1765 0.393187 
9609 9.28133 0.425697 0.187588 0.386715 
9610 9.2818 0.416157 0.191908 0.391935 
9611 9.28771 0.41974 0.193895 0.386365 
9612 9.2785 0.424898 0.191296 0.383807 
9613 9.2864 0.435854 0.190098 0.374048 
9614 9.28923 0.433606 0.197892 0.368503 
9615 9.27668 0.463255 0.175821 0.360924 
9616 9.28728 0.43224 0.189826 0.377935 
9617 9.2928 0.449151 0.171884 0.378965 
9618 9.27646 0.441916 0.177687 0.380396 
9619 9.28525 0.453122 0.162577 0.384301 
9620 9.28154 0.425625 0.178056 0.396319 
9621 9.2904 0.425041 0.180208 0.394752 
9622 9.29748 0.414363 0.190286 0.395351 
9623 9.29055 0.419061 0.188451 0.392488 
9624 9.2912 0.434192 0.181049 0.384759 
9625 9.27284 0.42071 0.188307 0.390983 
9626 9.28488 0.454256 0.161136 0.384608 
9627 9.27677 0.414639 0.194657 0.390703 
9628 9.29811 0.458199 0.170773 0.371028 
9629 9.30055 0.438517 0.168521 0.392962 
9630 9.29455 0.431852 0.171769 0.396379 
9631 9.28616 0.437492 0.193521 0.368987 
9632 9.29645 0.465545 0.186782 0.347674 
9633 9.29326 0.436024 0.201085 0.362891 
9634 9.29483 0.432244 0.197459 0.370296 
9635 9.29802 0.436499 0.196078 0.367423 
9636 9.2947 0.440524 0.205158 0.354318 
9637 9.27949 0.437065 0.21345 0.349485 
9638 9.2954 0.417455 0.194022 0.388522 
9639 9.29579 0.444279 0.197695 0.358027 
9640 9.28934 0.451558 0.199356 0.349085 
9641 9.29681 0.483479 0.184435 0.332086 
9642 9.29535 0.451679 0.213218 0.335103 
9643 9.28666 0.458333 0.196726 0.34494 
9644 9.30966 0.444044 0.194659 0.361297 
9645 9.30211 0.451793 0.184118 0.36409 
9646 9.28598 0.470332 0.184545 0.345123 
9647 9.28819 0.464827 0.191004 0.344169 
9648 9.28555 0.475514 0.186832 0.337654 
9649 9.27684 0.471925 0.179586 0.348489 
9650 9.30096 0.448939 0.174835 0.376226 
9651 9.29754 0.462671 0.175643 0.361686 
9652 9.29302 0.46445 0.197482 0.338068 
9653 9.29081 0.424504 0.217829 0.357667 
9654 9.28937 0.46376 0.20036 0.33588 
9655 9.28166 0.459249 0.194456 0.346295 
9656 9.28078 0.442038 0.207814 0.350148 
9657 9.29031 0.433154 0.197082 0.369763 
9658 9.29513 0.442159 0.191352 0.366489 
9659 9.29663 0.451725 0.177584 0.370691 
9660 9.28866 0.459324 0.169662 0.371014 
9661 9.29235 0.456727 0.170181 0.373092 
9662 9.29619 0.447321 0.181151 0.371528 
9663 9.29768 0.449297 0.169177 0.381526 
9664 9.30664 0.448198 0.172206 0.379596 
9665 9.29352 0.474879 0.180773 0.344348 
9666 9.30041 0.478286 0.16819 0.353524 
9667 9.29561 0.472505 0.18058 0.346915 
9668 9.30391 0.469957 0.169552 0.36049 
9669 9.31171 0.465605 0.176406 0.357989 
9670 9.29462 0.462768 0.156224 0.381008 
9671 9.28945 0.47322 0.157782 0.368998 
9672 9.29089 0.481804 0.145199 0.372997 
9673 9.29278 0.449293 0.151148 0.399559 
9674 9.28423 0.45855 0.163438 0.378012 
9675 9.28107 0.439241 0.17282 0.387938 
9676 9.29393 0.462395 0.163261 0.374343 
9677 9.30705 0.461257 0.169932 0.36881 
9678 9.29958 0.452295 0.178256 0.369449 
9679 9.30997 0.481276 0.166413 0.352311 
9680 9.30972 0.474225 0.159167 0.366608 
9681 9.30683 0.438162 0.1728 0.389039 
9682 9.30131 0.443422 0.165346 0.391232 
9683 9.28977 0.464875 0.159123 0.376001 
9684 9.29263 0.461825 0.166167 0.372008 
9685 9.29852 0.456958 0.170504 0.372538 
9686 9.30046 0.463059 0.165051 0.37189 
9687 9.30712 0.461647 0.163181 0.375172 
9688 9.30119 0.457882 0.174769 0.367349 
9689 9.30346 0.461078 0.170958 0.367964 
9690 9.29229 0.436647 0.188655 0.374699 
9691 9.30201 0.450882 0.181471 0.367647 
9692 9.30048 0.470274 0.152266 0.37746 
9693 9.30076 0.474458 0.156607 0.368935 
9694 9.30321 0.461014 0.153216 0.38577 
9695 9.30696 0.441101 0.152606 0.406293 
9696 9.30875 0.441618 0.176493 0.381888 
9697 9.29717 0.45533 0.161972 0.382698 
9698 9.29989 0.454608 0.167745 0.377647 
9699 9.3052 0.462587 0.152438 0.384975 
9700 9.30363 0.466087 0.150531 0.383382 
9701 9.30393 0.447379 0.173788 0.378833 
9702 9.31257 0.44883 0.179532 0.371637 
9703 9.32746 0.428586 0.179723 0.391691 
9704 9.32103 0.422222 0.176885 0.400893 
9705 9.31598 0.425321 0.198318 0.37636 
9706 9.316 0.453641 0.172647 0.373711 
9707 9.31477 0.443268 0.179464 0.377268 
9708 9.31122 0.438865 0.177052 0.384082 
9709 9.30508 0.44636 0.185632 0.368008 
9710 9.30674 0.448574 0.180433 0.370993 
9711 9.3018 0.432239 0.187861 0.3799 
9712 9.2992 0.445224 0.181189 0.373587 
9713 9.30263 0.447745 0.173922 0.378333 
9714 9.30436 0.450392 0.173277 0.376331 
9715 9.30091 0.462757 0.158745 0.378498 
9716 9.30477 0.430244 0.178614 0.391142 
9717 9.29874 0.43245 0.183602 0.383948 
9718 9.29153 0.462854 0.169208 0.367937 
9719 9.30272 0.489721 0.15489 0.355389 
9720 9.30754 0.454396 0.167633 0.377971 
9721 9.31591 0.453243 0.178257 0.3685 
9722 9.32425 0.44922 0.183528 0.367251 
9723 9.31323 0.473565 0.160103 0.366332 
9724 9.29843 0.483868 0.174538 0.341594 
9725 9.31454 0.478462 0.152615 0.368923 
9726 9.32805 0.472222 0.152969 0.374808 
9727 9.31658 0.474359 0.170414 0.355227 
9728 9.30856 0.457821 0.185769 0.35641 
9729 9.32139 0.43694 0.186799 0.376261 
9730 9.3169 0.419006 0.191401 0.389594 
9731 9.32597 0.444284 0.183189 0.372526 
9732 9.3207 0.443126 0.1727 0.384174 
9733 9.31448 0.426311 0.198813 0.374876 
9734 9.31498 0.439187 0.193155 0.367659 
9735 9.30742 0.445161 0.189247 0.365591 
9736 9.31856 0.444605 0.190462 0.364933 
9737 9.3219 0.428225 0.19241 0.379365 
9738 9.31773 0.424222 0.190633 0.385146 
9739 9.31682 0.431507 0.202051 0.366442 
9740 9.32428 0.438999 0.201511 0.35949 
9741 9.32417 0.430312 0.207992 0.361696 
9742 9.33453 0.447481 0.180426 0.372093 
9743 9.32954 0.407407 0.187232 0.405361 
9744 9.34279 0.437927 0.166148 0.395924 
9745 9.32366 0.40491 0.188857 0.406232 
9746 9.33073 0.411298 0.197572 0.39113 
9747 9.3285 0.406743 0.18547 0.407787 
9748 9.33968 0.438431 0.178235 0.383333 
9749 9.32842 0.454215 0.165517 0.380268 
9750 9.3299 0.465408 0.156842 0.37775 
9751 9.31861 0.465152 0.169927 0.364922 
9752 9.33258 0.42885 0.162183 0.408967 
9753 9.33267 0.431355 0.177646 0.390999 
9754 9.34527 0.456772 0.158694 0.384534 
9755 9.32156 0.460704 0.161584 0.377713 
9756 9.33437 0.432384 0.175594 0.392023 
9757 9.32889 0.452065 0.165322 0.382613 
9758 9.33828 0.423426 0.189167 0.387407 
9759 9.33364 0.456772 0.166186 0.377041 
9760 9.33572 0.434102 0.17877 0.387128 
9761 9.33301 0.456016 0.172978 0.371006 
9762 9.33092 0.43992 0.172056 0.388024 
9763 9.33273 0.443529 0.182353 0.374118 
9764 9.34406 0.433739 0.170314 0.395947 
9765 9.33755 0.441787 0.182517 0.375696 
9766 9.33985 0.448329 0.179476 0.372194 
9767 9.33545 0.418555 0.184166 0.397279 
9768 9.33285 0.423284 0.179303 0.397413 
9769 9.32784 0.439837 0.185569 0.374593 
9770 9.32889 0.437681 0.179227 0.383092 
9771 9.33229 0.446548 0.170414 0.383037 
9772 9.34174 0.453506 0.170797 0.375696 
9773 9.35102 0.452436 0.180233 0.367331 
9774 9.34265 0.467222 0.180022 0.352756 
9775 9.33399 0.467583 0.18267 0.349747 
9776 9.34931 0.481044 0.162428 0.356528 
9777 9.33042 0.484859 0.166515 0.348627 
9778 9.32731 0.471743 0.187835 0.340421 
9779 9.32915 0.482698 0.162463 0.354839 
9780 9.32957 0.504635 0.146943 0.348422 
9781 9.33925 0.478723 0.169301 0.351976 
9782 9.3343 0.460331 0.174074 0.365595 
9783 9.33571 0.460454 0.166963 0.372584 
9784 9.32371 0.431737 0.18004 0.388224 
9785 9.3284 0.449405 0.186012 0.364583 
9786 9.33651 0.446866 0.181095 0.37204 
9787 9.34489 0.423402 0.194789 0.381809 
9788 9.32013 0.432728 0.192308 0.374965 
9789 9.34025 0.429926 0.171442 0.398632 
9790 9.33709 0.428008 0.185108 0.386884 
9791 9.32775 0.431685 0.187109 0.381206 
9792 9.32338 0.449319 0.186571 0.36411 
9793 9.32657 0.4397 0.19073 0.369569 
9794 9.33254 0.423486 0.188574 0.38794 
9795 9.35784 0.405243 0.18661 0.408146 
9796 9.35265 0.44707 0.158007 0.394922 
9797 9.33811 0.433362 0.154054 0.412584 
9798 9.35529 0.409232 0.17036 0.420408 
9799 9.33982 0.452975 0.177148 0.369877 
9800 9.32901 0.445437 0.167063 0.3875 
9801 9.33832 0.44012 0.180539 0.379341 
9802 9.35552 0.430904 0.168999 0.400097 
9803 9.36017 0.459056 0.169846 0.371098 
9804 9.34656 0.434674 0.179598 0.385728 
9805 9.33617 0.454976 0.14744 0.397585 
9806 9.35633 0.465607 0.171869 0.362524 
9807 9.35568 0.438095 0.168999 0.392906 
9808 9.33836 0.436381 0.202762 0.360857 
9809 9.33777 0.410204 0.212148 0.377648 
9810 9.34612 0.421922 0.197197 0.380881 
9811 9.33202 0.441623 0.199739 0.358638 
9812 9.32758 0.430613 0.212937 0.35645 
9813 9.3226 0.412375 0.217764 0.36986 
9814 9.31754 0.428213 0.210341 0.361446 
9815 9.32452 0.441865 0.20119 0.356944 
9816 9.32398 0.441373 0.210784 0.347843 
9817 9.32188 0.413171 0.216109 0.370719 
9818 9.32605 0.43536 0.200203 0.364438 
9819 9.32123 0.4353 0.203638 0.361062 
9820 9.32388 0.451035 0.180867 0.368098 
9821 9.3323 0.451569 0.198235 0.350196 
9822 9.33661 0.466611 0.177101 0.356287 
9823 9.34539 0.46447 0.190831 0.344699 
9824 9.34903 0.465504 0.199822 0.334674 
9825 9.33576 0.471705 0.178779 0.349516 
9826 9.3347 0.454391 0.181437 0.364172 
9827 9.33743 0.436847 0.220281 0.342871 
9828 9.32658 0.440601 0.213372 0.346027 
9829 9.34012 0.433573 0.213609 0.352818 
9830 9.33536 0.445675 0.214966 0.339359 
9831 9.34362 0.430966 0.206805 0.362229 
9832 9.35643 0.44951 0.205728 0.344762 
9833 9.3601 0.44273 0.204847 0.352423 
9834 9.3516 0.446528 0.196429 0.357044 
9835 9.34487 0.451863 0.196375 0.351762 
9836 9.3428 0.456052 0.198909 0.34504 
9837 9.3341 0.440588 0.201373 0.358039 
9838 9.33785 0.455483 0.202973 0.341544 
9839 9.34578 0.430723 0.201707 0.36757 
9840 9.34581 0.41658 0.213261 0.370159 
9841 9.33618 0.42488 0.204611 0.370509 
9842 9.33381 0.417253 0.207376 0.375371 
9843 9.32754 0.43783 0.200293 0.361877 
9844 9.35589 0.432953 0.194492 0.372555 
9845 9.34453 0.425816 0.190801 0.383383 
9846 9.35276 0.422989 0.201054 0.375958 
9847 9.34369 0.409636 0.207473 0.382891 
9848 9.33264 0.435714 0.208433 0.355853 
9849 9.33383 0.431231 0.191992 0.376777 
9850 9.33534 0.442857 0.201048 0.356095 
9851 9.34098 0.439084 0.179532 0.381384 
9852 9.35336 0.442209 0.189053 0.368738 
9853 9.34059 0.438416 0.199022 0.362561 
9854 9.34374 0.433915 0.209884 0.356202 
9855 9.34857 0.427905 0.208571 0.363524 
9856 9.34529 0.424225 0.207558 0.368217 
9857 9.35166 0.434639 0.193072 0.372289 
9858 9.35206 0.433531 0.196252 0.370217 
9859 9.35903 0.429727 0.204094 0.366179 
9860 9.34193 0.420528 0.204888 0.374585 
9861 9.35315 0.428599 0.205217 0.366184 
9862 9.34051 0.437427 0.204873 0.3577 
9863 9.34747 0.421637 0.20809 0.370273 
9864 9.33922 0.428626 0.216234 0.355139 
9865 9.34235 0.431921 0.206403 0.361676 
9866 9.33434 0.422602 0.215385 0.362013 
9867 9.33557 0.41651 0.213317 0.370173 
9868 9.34256 0.436656 0.203301 0.360043 
9869 9.34283 0.411623 0.208228 0.380149 
9870 9.33801 0.405204 0.225839 0.368958 
9871 9.34782 0.440587 0.20072 0.358693 
9872 9.36482 0.438261 0.195972 0.365767 
9873 9.35346 0.445519 0.199561 0.35492 
9874 9.33746 0.466653 0.188772 0.344575 
9875 9.34815 0.457224 0.184098 0.358678 
9876 9.35248 0.439311 0.202432 0.358257 
9877 9.34303 0.454944 0.182394 0.362662 
9878 9.36218 0.440371 0.193255 0.366373 
9879 9.37614 0.454179 0.191258 0.354563 
9880 9.36457 0.464223 0.188954 0.346823 
9881 9.36486 0.468406 0.176618 0.354976 
9882 9.36439 0.450048 0.191111 0.358841 
9883 9.35731 0.451392 0.191841 0.356767 
9884 9.35074 0.451657 0.197856 0.350487 
9885 9.34993 0.438348 0.203245 0.358407 
9886 9.34503 0.414995 0.212867 0.372138 
9887 9.35019 0.443452 0.194544 0.362004 
9888 9.3498 0.43818 0.197036 0.364784 
9889 9.35285 0.452542 0.198076 0.349381 
9890 9.36241 0.45317 0.184272 0.362558 
9891 9.36307 0.465733 0.171552 0.362714 
9892 9.35927 0.439816 0.207212 0.352973 
9893 9.33974 0.461044 0.201305 0.337651 
9894 9.35081 0.464912 0.199123 0.335965 
9895 9.35554 0.456403 0.190323 0.353275 
9896 9.35117 0.448857 0.189619 0.361524 
9897 9.35022 0.433621 0.208812 0.357567 
9898 9.36572 0.436618 0.193623 0.369758 
9899 9.36235 0.418398 0.205737 0.375865 
9900 9.36786 0.424461 0.207086 0.368452 
9901 9.36419 0.43343 0.211919 0.354651 
9902 9.344 0.423684 0.204288 0.372027 
9903 9.3588 0.429094 0.197013 0.373892 
9904 9.34612 0.438891 0.188647 0.372462 
9905 9.35275 0.418768 0.207429 0.373803 
9906 9.34977 0.430095 0.219524 0.350381 
9907 9.34922 0.436212 0.200559 0.363228 
9908 9.36401 0.440751 0.199711 0.359538 
9909 9.35733 0.44611 0.188184 0.365706 
9910 9.35283 0.425595 0.203571 0.370833 
9911 9.35788 0.417148 0.198266 0.384586 
9912 9.36025 0.43 0.207238 0.362762 
9913 9.36638 0.417015 0.201891 0.381095 
9914 9.35546 0.421061 0.203959 0.37498 
9915 9.36241 0.440469 0.184695 0.374836 
9916 9.35122 0.442911 0.191737 0.365352 
9917 9.3511 0.423092 0.197585 0.379324 
9918 9.34778 0.424952 0.196762 0.378286 
9919 9.35387 0.418185 0.190131 0.391683 
9920 9.35835 0.401187 0.212067 0.386746 
9921 9.35678 0.417207 0.194297 0.388496 
9922 9.36068 0.415198 0.188045 0.396758 
9923 9.36667 0.39387 0.217146 0.388985 
9924 9.35729 0.397977 0.202346 0.399677 
9925 9.3459 0.423635 0.202166 0.3742 
9926 9.35349 0.415438 0.205506 0.379056 
9927 9.35403 0.445809 0.180604 0.373587 
9928 9.35627 0.442334 0.171909 0.385757 
9929 9.36368 0.452761 0.166963 0.380276 
9930 9.34314 0.434817 0.200198 0.364985 
9931 9.34457 0.445051 0.201414 0.353535 
9932 9.35033 0.456725 0.171735 0.37154 
9933 9.3509 0.446804 0.170993 0.382203 
9934 9.34955 0.441246 0.176558 0.382196 
9935 9.35629 0.433633 0.195908 0.370459 
9936 9.3539 0.438667 0.183282 0.378051 
9937 9.35576 0.410729 0.202194 0.387077 
9938 9.3646 0.444964 0.18482 0.370216 
9939 9.36624 0.417518 0.188388 0.394094 
9940 9.37571 0.43314 0.185024 0.381836 
9941 9.361 0.44002 0.201475 0.358505 
9942 9.35494 0.428715 0.181225 0.39006 
9943 9.35894 0.445152 0.186162 0.368687 
9944 9.35013 0.433945 0.17737 0.388685 
9945 9.3559 0.406907 0.186186 0.406907 
9946 9.35607 0.44691 0.18156 0.37153 
9947 9.36167 0.443253 0.177744 0.379004 
9948 9.36841 0.441073 0.184366 0.374561 
9949 9.35229 0.427521 0.197647 0.374832 
9950 9.36051 0.45124 0.186427 0.362332 
9951 9.36513 0.430732 0.211946 0.357322 
9952 9.36667 0.449467 0.181038 0.369495 
9953 9.35791 0.443303 0.176939 0.379758 
9954 9.34064 0.468406 0.174686 0.356908 
9955 9.35564 0.460508 0.179374 0.360117 
9956 9.35551 0.473712 0.166141 0.360147 
9957 9.3464 0.44784 0.174074 0.378086 
9958 9.36676 0.464948 0.153423 0.381629 
9959 9.36551 0.456078 0.181471 0.362451 
9960 9.35924 0.424476 0.174095 0.401429 
9961 9.3419 0.45717 0.180532 0.362298 
9962 9.35403 0.45658 0.176177 0.367243 
9963 9.35211 0.443072 0.175703 0.381225 
9964 9.3547 0.443706 0.178248 0.378046 
9965 9.35583 0.424401 0.194247 0.381352 
9966 9.3569 0.411016 0.194207 0.394777 
9967 9.35625 0.441356 0.189303 0.369341 
9968 9.35014 0.428168 0.197466 0.374366 
9969 9.35074 0.437874 0.190048 0.372077 
9970 9.34683 0.44312 0.206492 0.350388 
9971 9.34994 0.46046 0.178378 0.361161 
9972 9.36419 0.446425 0.187613 0.365962 
9973 9.35993 0.440816 0.190768 0.368416 
9974 9.35163 0.447184 0.191207 0.36161 
9975 9.3679 0.439986 0.184906 0.375108 
9976 9.3585 0.460893 0.183354 0.355752 
9977 9.36202 0.457724 0.179663 0.362613 
9978 9.36074 0.440865 0.203236 0.355899 
9979 9.36157 0.44033 0.199125 0.360544 
9980 9.36233 0.441088 0.194763 0.364149 
9981 9.3544 0.45818 0.189264 0.352556 
9982 9.37698 0.447002 0.17031 0.382688 
9983 9.37544 0.47659 0.18343 0.339981 
9984 9.37678 0.455656 0.195796 0.348549 
9985 9.37602 0.448322 0.193402 0.358276 
9986 9.35117 0.423923 0.203827 0.372251 
9987 9.35861 0.452311 0.185408 0.362281 
9988 9.37307 0.462573 0.180839 0.356588 
9989 9.38156 0.445807 0.184408 0.369785 
9990 9.36785 0.4546 0.189381 0.356019 
9991 9.37897 0.43542 0.185392 0.379188 
9992 9.37506 0.434393 0.189289 0.376318 
9993 9.37551 0.444827 0.175897 0.379277 
9994 9.37966 0.442843 0.184356 0.372802 
9995 9.38279 0.434216 0.193627 0.372157 
9996 9.37107 0.448366 0.176557 0.375077 
9997 9.36768 0.476324 0.163335 0.360341 
9998 9.37507 0.455381 0.186207 0.358412 
9999 9.37464 0.444788 0.186894 0.368318 
