#<p> fraction of dominance, coordination, coexistence
9500 8.18007 0.439024 0.195122 0.365854 
9501 8.17088 0.492063 0.166667 0.34127 
9502 8.1825 0.558824 0.215686 0.22549 
9503 8.18839 0.552381 0.190476 0.257143 
9504 8.1831 0.569892 0.172043 0.258065 
9505 8.18298 0.489583 0.255208 0.255208 
9506 8.18632 0.520833 0.135417 0.34375 
9507 8.18442 0.6 0.222222 0.177778 
9508 8.17914 0.65 0.15 0.2 
9509 8.18696 0.617647 0.147059 0.235294 
9510 8.18564 0.45977 0.172414 0.367816 
9511 8.18209 0.428571 0.25 0.321429 
9512 8.18334 0.686869 0.131313 0.181818 
9513 8.17609 0.390244 0.219512 0.390244 
9514 8.18661 0.428571 0.180952 0.390476 
9515 8.1827 0.515152 0.151515 0.333333 
9516 8.18023 0.525253 0.141414 0.333333 
9517 8.18034 0.67619 0.180952 0.142857 
9518 8.18112 0.561905 0.238095 0.2 
9519 8.1714 0.634146 0.219512 0.146341 
9520 8.17699 0.75 0.15625 0.09375 
9521 8.17376 0.638889 0.222222 0.138889 
9522 8.17175 0.637255 0.147059 0.215686 
9523 8.17113 0.659722 0.1875 0.152778 
9524 8.17895 0.689394 0.121212 0.189394 
9525 8.17786 0.642276 0.235772 0.121951 
9526 8.17449 0.710784 0.166667 0.122549 
9527 8.17512 0.568182 0.25 0.181818 
9528 8.1772 0.461538 0.230769 0.307692 
9529 8.17141 0.5 0.269841 0.230159 
9530 8.17006 0.59375 0.28125 0.125 
9531 8.16608 0.492063 0.246032 0.261905 
9532 8.17083 0.466667 0.2 0.333333 
9533 8.16834 0.529412 0.215686 0.254902 
9534 8.17745 0.655914 0.139785 0.204301 
9535 8.17598 0.545455 0.121212 0.333333 
9536 8.17446 0.468254 0.246032 0.285714 
9537 8.16365 0.633333 0.166667 0.2 
9538 8.17023 0.595238 0.190476 0.214286 
9539 8.17164 0.653846 0.0769231 0.269231 
9540 8.17293 0.5 0.142857 0.357143 
9541 8.16756 0.580645 0.193548 0.225806 
9542 8.17604 0.483871 0.215054 0.301075 
9543 8.17791 0.479675 0.203252 0.317073 
9544 8.18167 0.526882 0.11828 0.354839 
9545 8.16813 0.586207 0.172414 0.241379 
9546 8.17486 0.452381 0.261905 0.285714 
9547 8.17152 0.48 0.32 0.2 
9548 8.17666 0.383333 0.416667 0.2 
9549 8.17467 0.52381 0.297619 0.178571 
9550 8.17309 0.366667 0.366667 0.266667 
9551 8.17293 0.355556 0.311111 0.333333 
9552 8.17133 0.555556 0.244444 0.2 
9553 8.17504 0.510417 0.145833 0.34375 
9554 8.17758 0.388889 0.305556 0.305556 
9555 8.17751 0.495238 0.152381 0.352381 
9556 8.17789 0.477273 0.219697 0.30303 
9557 8.17535 0.494949 0.222222 0.282828 
9558 8.1685 0.566667 0.208333 0.225 
9559 8.17241 0.419355 0.204301 0.376344 
9560 8.17241 0.416667 0.260417 0.322917 
9561 8.17639 0.479167 0.166667 0.354167 
9562 8.17565 0.452381 0.190476 0.357143 
9563 8.16875 0.577236 0.211382 0.211382 
9564 8.17859 0.441176 0.264706 0.294118 
9565 8.16933 0.527778 0.222222 0.25 
9566 8.15897 0.589744 0.230769 0.179487 
9567 8.16032 0.605263 0.263158 0.131579 
9568 8.16321 0.578947 0.289474 0.131579 
9569 8.1647 0.487179 0.333333 0.179487 
9570 8.16314 0.382353 0.441176 0.176471 
9571 8.17388 0.324074 0.398148 0.277778 
9572 8.17392 0.525 0.25 0.225 
9573 8.17521 0.512821 0.205128 0.282051 
9574 8.16981 0.538462 0.179487 0.282051 
9575 8.16921 0.640351 0.175439 0.184211 
9576 8.17614 0.615385 0.179487 0.205128 
9577 8.17248 0.538462 0.25641 0.205128 
9578 8.1749 0.563492 0.238095 0.198413 
9579 8.1722 0.535088 0.210526 0.254386 
9580 8.17511 0.503876 0.232558 0.263566 
9581 8.16928 0.628571 0.142857 0.228571 
9582 8.17668 0.495726 0.17094 0.333333 
9583 8.17128 0.45 0.15 0.4 
9584 8.17277 0.526316 0.289474 0.184211 
9585 8.17745 0.515152 0.181818 0.30303 
9586 8.17286 0.6 0.12 0.28 
9587 8.17624 0.619048 0.0952381 0.285714 
9588 8.17196 0.766667 0.133333 0.1 
9589 8.1765 0.52381 0.321429 0.154762 
9590 8.18059 0.470588 0.205882 0.323529 
9591 8.1793 0.516129 0.193548 0.290323 
9592 8.17905 0.56 0.213333 0.226667 
9593 8.16793 0.598039 0.176471 0.22549 
9594 8.16761 0.47619 0.285714 0.238095 
9595 8.17147 0.493333 0.2 0.306667 
9596 8.17338 0.508333 0.15 0.341667 
9597 8.16991 0.578947 0.184211 0.236842 
9598 8.17392 0.477273 0.204545 0.318182 
9599 8.16032 0.62963 0.203704 0.166667 
9600 8.16048 0.564815 0.231481 0.203704 
9601 8.16387 0.438596 0.342105 0.219298 
9602 8.16291 0.625 0.2 0.175 
9603 8.16519 0.612903 0.16129 0.225806 
9604 8.17197 0.540541 0.189189 0.27027 
9605 8.16158 0.538462 0.282051 0.179487 
9606 8.15968 0.447368 0.359649 0.192982 
9607 8.16004 0.5 0.302083 0.197917 
9608 8.1557 0.55814 0.255814 0.186047 
9609 8.15091 0.527778 0.25 0.222222 
9610 8.15491 0.55303 0.219697 0.227273 
9611 8.16568 0.607843 0.303922 0.0882353 
9612 8.16599 0.555556 0.188034 0.25641 
9613 8.16797 0.515152 0.151515 0.333333 
9614 8.16251 0.515152 0.30303 0.181818 
9615 8.17778 0.570175 0.166667 0.263158 
9616 8.17124 0.454545 0.30303 0.242424 
9617 8.17338 0.545455 0.212121 0.242424 
9618 8.16885 0.427083 0.322917 0.25 
9619 8.16587 0.522727 0.204545 0.272727 
9620 8.16178 0.391667 0.366667 0.241667 
9621 8.16485 0.548387 0.236559 0.215054 
9622 8.16559 0.563218 0.264368 0.172414 
9623 8.1667 0.371795 0.282051 0.346154 
9624 8.17144 0.425287 0.275862 0.298851 
9625 8.17889 0.411765 0.205882 0.382353 
9626 8.17465 0.452991 0.290598 0.25641 
9627 8.17782 0.418605 0.302326 0.27907 
9628 8.17156 0.470588 0.205882 0.323529 
9629 8.17356 0.482456 0.236842 0.280702 
9630 8.16797 0.5 0.275 0.225 
9631 8.17392 0.548387 0.258065 0.193548 
9632 8.16539 0.564103 0.230769 0.205128 
9633 8.17983 0.605263 0.157895 0.236842 
9634 8.18051 0.605263 0.184211 0.210526 
9635 8.1713 0.455285 0.252033 0.292683 
9636 8.17361 0.567568 0.189189 0.243243 
9637 8.17555 0.5 0.166667 0.333333 
9638 8.17778 0.53125 0.1875 0.28125 
9639 8.17983 0.494253 0.206897 0.298851 
9640 8.18613 0.540541 0.162162 0.297297 
9641 8.17869 0.555556 0.191919 0.252525 
9642 8.17558 0.371795 0.24359 0.384615 
9643 8.17187 0.440476 0.285714 0.27381 
9644 8.17592 0.424242 0.252525 0.323232 
9645 8.16984 0.676768 0.121212 0.20202 
9646 8.16944 0.444444 0.230769 0.324786 
9647 8.17455 0.623932 0.179487 0.196581 
9648 8.17447 0.592593 0.240741 0.166667 
9649 8.17025 0.547619 0.238095 0.214286 
9650 8.17373 0.614035 0.210526 0.175439 
9651 8.17713 0.631579 0.157895 0.210526 
9652 8.18439 0.541667 0.258333 0.2 
9653 8.17524 0.575758 0.212121 0.212121 
9654 8.17124 0.428571 0.238095 0.333333 
9655 8.17683 0.507937 0.142857 0.349206 
9656 8.17788 0.55 0.125 0.325 
9657 8.17606 0.342593 0.259259 0.398148 
9658 8.17601 0.516129 0.193548 0.290323 
9659 8.17807 0.408602 0.225806 0.365591 
9660 8.17293 0.428571 0.228571 0.342857 
9661 8.17624 0.483871 0.16129 0.354839 
9662 8.16905 0.341667 0.3 0.358333 
9663 8.16956 0.459459 0.162162 0.378378 
9664 8.16578 0.333333 0.252252 0.414414 
9665 8.17259 0.366667 0.377778 0.255556 
9666 8.17164 0.321429 0.261905 0.416667 
9667 8.17381 0.514286 0.266667 0.219048 
9668 8.16827 0.452381 0.309524 0.238095 
9669 8.1676 0.46875 0.197917 0.333333 
9670 8.16457 0.561404 0.210526 0.22807 
9671 8.16526 0.488372 0.209302 0.302326 
9672 8.15954 0.470588 0.294118 0.235294 
9673 8.17479 0.504505 0.243243 0.252252 
9674 8.1793 0.494253 0.206897 0.298851 
9675 8.17439 0.52 0.2 0.28 
9676 8.16291 0.448276 0.310345 0.241379 
9677 8.16901 0.460317 0.190476 0.349206 
9678 8.17274 0.565657 0.242424 0.191919 
9679 8.18157 0.653846 0.115385 0.230769 
9680 8.17863 0.571429 0.285714 0.142857 
9681 8.17947 0.576923 0.269231 0.153846 
9682 8.17025 0.4 0.342857 0.257143 
9683 8.17818 0.478261 0.217391 0.304348 
9684 8.17754 0.488889 0.233333 0.277778 
9685 8.17735 0.55914 0.215054 0.225806 
9686 8.17681 0.585859 0.0909091 0.323232 
9687 8.1799 0.515152 0.121212 0.363636 
9688 8.17931 0.52381 0.228571 0.247619 
9689 8.172 0.6 0.275 0.125 
9690 8.18032 0.534722 0.256944 0.208333 
9691 8.17183 0.403509 0.280702 0.315789 
9692 8.16901 0.435897 0.333333 0.230769 
9693 8.17698 0.425 0.325 0.25 
9694 8.17604 0.472868 0.255814 0.271318 
9695 8.18071 0.5 0.230159 0.269841 
9696 8.1878 0.529915 0.17094 0.299145 
9697 8.17854 0.534884 0.248062 0.217054 
9698 8.17933 0.526316 0.22807 0.245614 
9699 8.17436 0.452381 0.214286 0.333333 
9700 8.17636 0.548387 0.215054 0.236559 
9701 8.17345 0.483871 0.344086 0.172043 
9702 8.17157 0.54955 0.207207 0.243243 
9703 8.17492 0.522222 0.177778 0.3 
9704 8.1794 0.552632 0.22807 0.219298 
9705 8.18173 0.428571 0.238095 0.333333 
9706 8.1759 0.462963 0.231481 0.305556 
9707 8.1757 0.555556 0.111111 0.333333 
9708 8.17687 0.588235 0.147059 0.264706 
9709 8.1768 0.555556 0.133333 0.311111 
9710 8.17849 0.641975 0.123457 0.234568 
9711 8.17657 0.555556 0.308642 0.135802 
9712 8.17559 0.474747 0.292929 0.232323 
9713 8.17785 0.439394 0.272727 0.287879 
9714 8.17761 0.32381 0.361905 0.314286 
9715 8.1792 0.429825 0.385965 0.184211 
9716 8.17231 0.495726 0.299145 0.205128 
9717 8.1756 0.484848 0.393939 0.121212 
9718 8.17941 0.314815 0.509259 0.175926 
9719 8.18391 0.486486 0.288288 0.225225 
9720 8.17929 0.507937 0.214286 0.277778 
9721 8.18307 0.631579 0.184211 0.184211 
9722 8.1799 0.517544 0.263158 0.219298 
9723 8.18191 0.603604 0.207207 0.189189 
9724 8.18054 0.583333 0.212121 0.204545 
9725 8.19164 0.609756 0.260163 0.130081 
9726 8.19085 0.562963 0.296296 0.140741 
9727 8.19031 0.537415 0.272109 0.190476 
9728 8.19011 0.560606 0.257576 0.181818 
9729 8.19169 0.469388 0.265306 0.265306 
9730 8.19022 0.44697 0.25 0.30303 
9731 8.19683 0.583333 0.157407 0.259259 
9732 8.19098 0.608333 0.216667 0.175 
9733 8.19576 0.568182 0.227273 0.204545 
9734 8.19475 0.5 0.357143 0.142857 
9735 8.19962 0.485714 0.314286 0.2 
9736 8.19359 0.56 0.24 0.2 
9737 8.19249 0.5625 0.28125 0.15625 
9738 8.19254 0.59375 0.28125 0.125 
9739 8.19502 0.434109 0.27907 0.286822 
9740 8.18932 0.324324 0.378378 0.297297 
9741 8.19379 0.407407 0.283951 0.308642 
9742 8.19375 0.583333 0.166667 0.25 
9743 8.18894 0.447917 0.333333 0.21875 
9744 8.19609 0.547619 0.214286 0.238095 
9745 8.19353 0.583333 0.175 0.241667 
9746 8.19876 0.711111 0.0777778 0.211111 
9747 8.20247 0.666667 0.148148 0.185185 
9748 8.19615 0.542857 0.2 0.257143 
9749 8.20631 0.490196 0.245098 0.264706 
9750 8.20411 0.439024 0.341463 0.219512 
9751 8.20662 0.333333 0.356589 0.310078 
9752 8.20438 0.464912 0.324561 0.210526 
9753 8.19959 0.477477 0.279279 0.243243 
9754 8.20118 0.468085 0.234043 0.297872 
9755 8.20243 0.507576 0.25 0.242424 
9756 8.20261 0.637255 0.137255 0.22549 
9757 8.20704 0.333333 0.292683 0.373984 
9758 8.204 0.552632 0.210526 0.236842 
9759 8.20512 0.425926 0.361111 0.212963 
9760 8.20572 0.388889 0.311111 0.3 
9761 8.20906 0.444444 0.222222 0.333333 
9762 8.20118 0.447619 0.190476 0.361905 
9763 8.20621 0.377778 0.4 0.222222 
9764 8.19935 0.408333 0.333333 0.258333 
9765 8.19844 0.52381 0.180952 0.295238 
9766 8.19416 0.46875 0.25 0.28125 
9767 8.20076 0.285714 0.321429 0.392857 
9768 8.2081 0.393939 0.212121 0.393939 
9769 8.20375 0.588235 0.117647 0.294118 
9770 8.19939 0.369565 0.289855 0.34058 
9771 8.1975 0.394737 0.289474 0.315789 
9772 8.20341 0.444444 0.2 0.355556 
9773 8.20724 0.583333 0.125 0.291667 
9774 8.19935 0.551724 0.137931 0.310345 
9775 8.19659 0.428571 0.285714 0.285714 
9776 8.19683 0.5 0.288889 0.211111 
9777 8.19717 0.387387 0.261261 0.351351 
9778 8.19793 0.580645 0.129032 0.290323 
9779 8.1987 0.558824 0.117647 0.323529 
9780 8.19952 0.5625 0.09375 0.34375 
9781 8.19436 0.714286 0.0714286 0.214286 
9782 8.19909 0.558824 0.147059 0.294118 
9783 8.20531 0.59375 0.15625 0.25 
9784 8.20106 0.482759 0.344828 0.172414 
9785 8.20786 0.428571 0.380952 0.190476 
9786 8.19425 0.533333 0.3 0.166667 
9787 8.19941 0.494949 0.232323 0.272727 
9788 8.19254 0.461538 0.230769 0.307692 
9789 8.19872 0.434343 0.287879 0.277778 
9790 8.20045 0.55914 0.150538 0.290323 
9791 8.19963 0.428571 0.27619 0.295238 
9792 8.21181 0.447368 0.245614 0.307018 
9793 8.19368 0.482456 0.298246 0.219298 
9794 8.19897 0.513514 0.225225 0.261261 
9795 8.20177 0.539216 0.147059 0.313725 
9796 8.20853 0.473684 0.210526 0.315789 
9797 8.19539 0.577236 0.170732 0.252033 
9798 8.19069 0.492063 0.222222 0.285714 
9799 8.20051 0.526316 0.0964912 0.377193 
9800 8.20329 0.542857 0.228571 0.228571 
9801 8.20448 0.547619 0.166667 0.285714 
9802 8.20753 0.470588 0.235294 0.294118 
9803 8.20945 0.471545 0.284553 0.243902 
9804 8.21048 0.464286 0.238095 0.297619 
9805 8.19893 0.581197 0.230769 0.188034 
9806 8.20552 0.585859 0.191919 0.222222 
9807 8.20485 0.514286 0.257143 0.228571 
9808 8.21031 0.390244 0.292683 0.317073 
9809 8.21319 0.371212 0.166667 0.462121 
9810 8.20387 0.503876 0.248062 0.248062 
9811 8.20564 0.531532 0.162162 0.306306 
9812 8.21 0.535088 0.140351 0.324561 
9813 8.20663 0.490196 0.205882 0.303922 
9814 8.21234 0.438596 0.157895 0.403509 
9815 8.21721 0.479675 0.243902 0.276423 
9816 8.21322 0.537879 0.181818 0.280303 
9817 8.21504 0.492754 0.202899 0.304348 
9818 8.21183 0.537879 0.189394 0.272727 
9819 8.21548 0.581395 0.186047 0.232558 
9820 8.2124 0.606061 0.212121 0.181818 
9821 8.20669 0.602151 0.16129 0.236559 
9822 8.2169 0.482456 0.254386 0.263158 
9823 8.21311 0.517544 0.245614 0.236842 
9824 8.21546 0.643411 0.20155 0.155039 
9825 8.21239 0.54386 0.254386 0.201754 
9826 8.22117 0.484127 0.174603 0.34127 
9827 8.21681 0.567901 0.135802 0.296296 
9828 8.20643 0.509804 0.166667 0.323529 
9829 8.20621 0.361111 0.291667 0.347222 
9830 8.20855 0.541667 0.125 0.333333 
9831 8.20391 0.506173 0.222222 0.271605 
9832 8.20786 0.5 0.307692 0.192308 
9833 8.20465 0.47619 0.345238 0.178571 
9834 8.21182 0.575758 0.292929 0.131313 
9835 8.20284 0.462366 0.344086 0.193548 
9836 8.20582 0.512821 0.358974 0.128205 
9837 8.20886 0.45098 0.313725 0.235294 
9838 8.2038 0.583333 0.25 0.166667 
9839 8.21081 0.612903 0.129032 0.258065 
9840 8.20963 0.545455 0.242424 0.212121 
9841 8.20973 0.366667 0.333333 0.3 
9842 8.21419 0.366667 0.333333 0.3 
9843 8.20926 0.488889 0.3 0.211111 
9844 8.21243 0.343434 0.272727 0.383838 
9845 8.21488 0.583333 0.222222 0.194444 
9846 8.22247 0.451613 0.139785 0.408602 
9847 8.22149 0.538462 0.179487 0.282051 
9848 8.21676 0.483871 0.290323 0.225806 
9849 8.21649 0.696296 0.111111 0.192593 
9850 8.21538 0.509259 0.166667 0.324074 
9851 8.22539 0.494949 0.121212 0.383838 
9852 8.22501 0.589744 0.153846 0.25641 
9853 8.21349 0.623932 0.247863 0.128205 
9854 8.21452 0.580645 0.204301 0.215054 
9855 8.21458 0.548387 0.258065 0.193548 
9856 8.21486 0.441441 0.297297 0.261261 
9857 8.21491 0.45045 0.297297 0.252252 
9858 8.20759 0.472222 0.305556 0.222222 
9859 8.22046 0.425287 0.183908 0.390805 
9860 8.21384 0.526882 0.107527 0.365591 
9861 8.21863 0.333333 0.294118 0.372549 
9862 8.2196 0.472222 0.166667 0.361111 
9863 8.22053 0.511905 0.178571 0.309524 
9864 8.21744 0.559524 0.22619 0.214286 
9865 8.22298 0.461538 0.153846 0.384615 
9866 8.22835 0.433333 0.133333 0.433333 
9867 8.21345 0.44 0.16 0.4 
9868 8.21764 0.358974 0.24359 0.397436 
9869 8.21785 0.513514 0.162162 0.324324 
9870 8.21489 0.586207 0.172414 0.241379 
9871 8.22554 0.589744 0.115385 0.294872 
9872 8.21815 0.527778 0.0833333 0.388889 
9873 8.22003 0.454545 0.212121 0.333333 
9874 8.21381 0.362745 0.27451 0.362745 
9875 8.21352 0.473684 0.157895 0.368421 
9876 8.21808 0.535714 0.119048 0.345238 
9877 8.21885 0.438095 0.171429 0.390476 
9878 8.2082 0.486486 0.189189 0.324324 
9879 8.2188 0.580645 0.0967742 0.322581 
9880 8.21053 0.68 0.24 0.08 
9881 8.22353 0.645161 0.0967742 0.258065 
9882 8.21764 0.5 0.22619 0.27381 
9883 8.2078 0.583333 0.321429 0.0952381 
9884 8.21255 0.464286 0.25 0.285714 
9885 8.21741 0.564103 0.179487 0.25641 
9886 8.21605 0.510638 0.276596 0.212766 
9887 8.22049 0.612613 0.144144 0.243243 
9888 8.22348 0.527132 0.224806 0.248062 
9889 8.2216 0.657658 0.144144 0.198198 
9890 8.21813 0.653595 0.143791 0.202614 
9891 8.21443 0.630435 0.217391 0.152174 
9892 8.22462 0.651163 0.0930233 0.255814 
9893 8.21477 0.650794 0.174603 0.174603 
9894 8.21186 0.598485 0.159091 0.242424 
9895 8.21305 0.631579 0.192982 0.175439 
9896 8.20837 0.673611 0.104167 0.222222 
9897 8.21918 0.714286 0.0285714 0.257143 
9898 8.22336 0.613636 0.136364 0.25 
9899 8.22702 0.616162 0.141414 0.242424 
9900 8.21311 0.405405 0.27027 0.324324 
9901 8.21868 0.545455 0.212121 0.242424 
9902 8.22251 0.558333 0.191667 0.25 
9903 8.21144 0.526316 0.192982 0.280702 
9904 8.21137 0.59596 0.171717 0.232323 
9905 8.21277 0.409722 0.305556 0.284722 
9906 8.22097 0.601626 0.121951 0.276423 
9907 8.20934 0.573643 0.217054 0.209302 
9908 8.215 0.587719 0.162281 0.25 
9909 8.21122 0.682927 0.146341 0.170732 
9910 8.21396 0.564103 0.25641 0.179487 
9911 8.21208 0.539683 0.301587 0.15873 
9912 8.21637 0.540741 0.192593 0.266667 
9913 8.21282 0.470588 0.176471 0.352941 
9914 8.20907 0.477778 0.188889 0.333333 
9915 8.21358 0.324561 0.324561 0.350877 
9916 8.20927 0.382353 0.235294 0.382353 
9917 8.21086 0.515152 0.234848 0.25 
9918 8.21139 0.466667 0.275 0.258333 
9919 8.21126 0.47619 0.261905 0.261905 
9920 8.20461 0.490196 0.254902 0.254902 
9921 8.2047 0.504762 0.238095 0.257143 
9922 8.2056 0.495935 0.300813 0.203252 
9923 8.20466 0.606061 0.25 0.143939 
9924 8.20908 0.495935 0.260163 0.243902 
9925 8.21462 0.4 0.285714 0.314286 
9926 8.20189 0.494949 0.242424 0.262626 
9927 8.20733 0.592593 0.333333 0.0740741 
9928 8.20958 0.481481 0.407407 0.111111 
9929 8.21233 0.483333 0.25 0.266667 
9930 8.21746 0.388889 0.305556 0.305556 
9931 8.21548 0.641026 0.153846 0.205128 
9932 8.21259 0.525641 0.192308 0.282051 
9933 8.20759 0.461538 0.324786 0.213675 
9934 8.20523 0.606061 0.222222 0.171717 
9935 8.20978 0.448276 0.241379 0.310345 
9936 8.21698 0.487805 0.243902 0.268293 
9937 8.21375 0.496124 0.302326 0.20155 
9938 8.21811 0.438596 0.377193 0.184211 
9939 8.21416 0.277778 0.388889 0.333333 
9940 8.21667 0.433333 0.333333 0.233333 
9941 8.21361 0.510417 0.40625 0.0833333 
9942 8.21367 0.565657 0.242424 0.191919 
9943 8.21358 0.580247 0.271605 0.148148 
9944 8.21173 0.46875 0.364583 0.166667 
9945 8.20277 0.573643 0.27907 0.147287 
9946 8.21636 0.504762 0.314286 0.180952 
9947 8.21705 0.583333 0.291667 0.125 
9948 8.22429 0.571429 0.2 0.228571 
9949 8.21686 0.607143 0.142857 0.25 
9950 8.21845 0.567568 0.135135 0.297297 
9951 8.21987 0.651163 0.0697674 0.27907 
9952 8.21732 0.612613 0.0900901 0.297297 
9953 8.221 0.615385 0.0769231 0.307692 
9954 8.22199 0.558824 0.147059 0.294118 
9955 8.22674 0.405405 0.162162 0.432432 
9956 8.22599 0.547009 0.153846 0.299145 
9957 8.21962 0.555556 0.177778 0.266667 
9958 8.21381 0.583333 0.166667 0.25 
9959 8.20941 0.508333 0.275 0.216667 
9960 8.21845 0.527778 0.166667 0.305556 
9961 8.22051 0.53125 0.21875 0.25 
9962 8.21484 0.487805 0.268293 0.243902 
9963 8.2157 0.615385 0.230769 0.153846 
9964 8.22419 0.512195 0.243902 0.243902 
9965 8.21896 0.481481 0.212963 0.305556 
9966 8.21904 0.552632 0.236842 0.210526 
9967 8.22659 0.548387 0.225806 0.225806 
9968 8.22452 0.51938 0.131783 0.348837 
9969 8.23262 0.528455 0.195122 0.276423 
9970 8.21928 0.563492 0.190476 0.246032 
9971 8.21594 0.617647 0.235294 0.147059 
9972 8.21837 0.5 0.238095 0.261905 
9973 8.22108 0.529412 0.235294 0.235294 
9974 8.22032 0.444444 0.305556 0.25 
9975 8.21604 0.477778 0.255556 0.266667 
9976 8.22352 0.487179 0.264957 0.247863 
9977 8.22383 0.508333 0.216667 0.275 
9978 8.22345 0.37963 0.259259 0.361111 
9979 8.22362 0.533333 0.166667 0.3 
9980 8.22482 0.5 0.166667 0.333333 
9981 8.2244 0.5 0.26087 0.23913 
9982 8.22131 0.341463 0.317073 0.341463 
9983 8.21553 0.47619 0.309524 0.214286 
9984 8.21417 0.431373 0.254902 0.313725 
9985 8.21094 0.393939 0.333333 0.272727 
9986 8.22194 0.496732 0.176471 0.326797 
9987 8.22 0.452381 0.246032 0.301587 
9988 8.21699 0.412281 0.377193 0.210526 
9989 8.22247 0.367521 0.367521 0.264957 
9990 8.22401 0.51938 0.217054 0.263566 
9991 8.22019 0.40404 0.343434 0.252525 
9992 8.22143 0.466667 0.295238 0.238095 
9993 8.21209 0.413793 0.333333 0.252874 
9994 8.21828 0.407407 0.259259 0.333333 
9995 8.22568 0.416667 0.125 0.458333 
9996 8.2192 0.529412 0.205882 0.264706 
9997 8.22286 0.457364 0.333333 0.209302 
9998 8.22082 0.5 0.263158 0.236842 
9999 8.22188 0.55 0.225 0.225 
