#<p> fraction of dominance, coordination, coexistence
9500 10.4024 0.414206 0.127651 0.458143 
9501 10.407 0.420847 0.126902 0.45225 
9502 10.4029 0.42509 0.127328 0.447581 
9503 10.3963 0.423085 0.125768 0.451147 
9504 10.398 0.417278 0.126088 0.456634 
9505 10.3975 0.41555 0.127667 0.456783 
9506 10.3917 0.415508 0.125903 0.458589 
9507 10.3984 0.422504 0.124262 0.453234 
9508 10.4108 0.420738 0.124648 0.454614 
9509 10.4094 0.421122 0.124265 0.454613 
9510 10.406 0.423398 0.119923 0.456679 
9511 10.4023 0.41984 0.122344 0.457816 
9512 10.4025 0.419137 0.125528 0.455335 
9513 10.4005 0.422096 0.119995 0.457909 
9514 10.4009 0.414973 0.121074 0.463953 
9515 10.4053 0.419214 0.116223 0.464564 
9516 10.4112 0.418781 0.115547 0.465673 
9517 10.4125 0.426749 0.114126 0.459125 
9518 10.4086 0.421442 0.115887 0.462671 
9519 10.4046 0.421349 0.11603 0.462621 
9520 10.4108 0.423834 0.117519 0.458647 
9521 10.415 0.423478 0.115303 0.461219 
9522 10.4108 0.421089 0.118504 0.460408 
9523 10.4236 0.412815 0.118147 0.469038 
9524 10.4148 0.414679 0.114039 0.471283 
9525 10.4141 0.408272 0.11645 0.475278 
9526 10.4157 0.410047 0.110734 0.479218 
9527 10.4043 0.408627 0.119058 0.472315 
9528 10.4028 0.406796 0.12161 0.471594 
9529 10.4066 0.411155 0.11804 0.470805 
9530 10.3996 0.415228 0.12167 0.463102 
9531 10.3936 0.425307 0.117589 0.457104 
9532 10.3996 0.424876 0.11871 0.456414 
9533 10.3921 0.420094 0.114681 0.465225 
9534 10.4026 0.422017 0.121246 0.456737 
9535 10.3968 0.416611 0.125696 0.457694 
9536 10.4054 0.420014 0.11879 0.461196 
9537 10.406 0.420757 0.119442 0.459801 
9538 10.4125 0.420656 0.119144 0.460199 
9539 10.4105 0.429999 0.11633 0.453671 
9540 10.4113 0.414033 0.123117 0.462849 
9541 10.418 0.417912 0.118692 0.463395 
9542 10.4214 0.418686 0.114889 0.466425 
9543 10.4217 0.411969 0.117577 0.470454 
9544 10.4225 0.416982 0.116615 0.466403 
9545 10.4166 0.416266 0.117612 0.466122 
9546 10.4163 0.421042 0.112942 0.466016 
9547 10.4225 0.410727 0.11854 0.470733 
9548 10.4257 0.412517 0.120129 0.467354 
9549 10.4212 0.417236 0.119243 0.463521 
9550 10.428 0.412133 0.116269 0.471598 
9551 10.424 0.417473 0.116496 0.466031 
9552 10.4275 0.42435 0.112989 0.462661 
9553 10.4307 0.419823 0.113101 0.467076 
9554 10.4408 0.413386 0.115296 0.471318 
9555 10.4391 0.415229 0.120003 0.464767 
9556 10.4522 0.420045 0.121008 0.458947 
9557 10.4462 0.41976 0.11915 0.46109 
9558 10.4335 0.420064 0.116801 0.463135 
9559 10.4327 0.419111 0.120451 0.460437 
9560 10.4351 0.420887 0.119499 0.459614 
9561 10.429 0.418696 0.120126 0.461178 
9562 10.4345 0.41666 0.122102 0.461238 
9563 10.4308 0.424893 0.11921 0.455897 
9564 10.443 0.422238 0.121656 0.456106 
9565 10.4406 0.420037 0.122284 0.457679 
9566 10.4453 0.424973 0.123162 0.451866 
9567 10.4432 0.423442 0.116446 0.460113 
9568 10.4386 0.426478 0.116163 0.457359 
9569 10.4269 0.421727 0.115763 0.46251 
9570 10.4269 0.418689 0.123797 0.457514 
9571 10.436 0.42069 0.122899 0.456411 
9572 10.4269 0.422703 0.121577 0.45572 
9573 10.4318 0.426628 0.12132 0.452052 
9574 10.4254 0.429374 0.118672 0.451954 
9575 10.4277 0.424909 0.124017 0.451074 
9576 10.4229 0.426309 0.123695 0.449996 
9577 10.4189 0.422647 0.120678 0.456676 
9578 10.426 0.423736 0.125144 0.45112 
9579 10.4246 0.425597 0.124329 0.450074 
9580 10.4245 0.424763 0.123891 0.451347 
9581 10.4347 0.422544 0.123998 0.453458 
9582 10.4321 0.425319 0.126046 0.448635 
9583 10.4191 0.423235 0.127715 0.44905 
9584 10.4236 0.424827 0.123548 0.451625 
9585 10.4177 0.430031 0.121415 0.448554 
9586 10.4221 0.428171 0.123741 0.448088 
9587 10.4223 0.424441 0.123509 0.45205 
9588 10.4301 0.418248 0.125964 0.455788 
9589 10.4203 0.419994 0.122504 0.457502 
9590 10.4279 0.421236 0.118013 0.46075 
9591 10.4333 0.425483 0.118309 0.456208 
9592 10.4331 0.4209 0.117901 0.461199 
9593 10.4422 0.422437 0.115082 0.462481 
9594 10.4369 0.42098 0.114125 0.464895 
9595 10.4332 0.422015 0.118538 0.459447 
9596 10.4317 0.420772 0.113493 0.465734 
9597 10.4352 0.419833 0.110349 0.469818 
9598 10.4362 0.431138 0.110134 0.458728 
9599 10.4443 0.424485 0.109309 0.466206 
9600 10.4436 0.430658 0.106082 0.46326 
9601 10.4379 0.418544 0.109358 0.472097 
9602 10.4395 0.425736 0.108366 0.465898 
9603 10.4327 0.420647 0.108456 0.470897 
9604 10.4375 0.422242 0.111064 0.466693 
9605 10.4412 0.422093 0.112532 0.465376 
9606 10.4338 0.429659 0.11042 0.459921 
9607 10.4377 0.426921 0.111936 0.461142 
9608 10.4349 0.419806 0.114758 0.465436 
9609 10.4364 0.423764 0.118659 0.457577 
9610 10.4389 0.425863 0.120105 0.454031 
9611 10.4447 0.422597 0.116245 0.461158 
9612 10.4361 0.422739 0.115775 0.461486 
9613 10.4349 0.428141 0.1146 0.457259 
9614 10.4335 0.424373 0.11176 0.463867 
9615 10.4285 0.422545 0.114771 0.462685 
9616 10.4315 0.42448 0.113859 0.46166 
9617 10.4479 0.426198 0.112291 0.461511 
9618 10.4428 0.433834 0.111529 0.454636 
9619 10.4373 0.430299 0.112732 0.456969 
9620 10.4449 0.425248 0.112913 0.461839 
9621 10.4554 0.433004 0.114896 0.4521 
9622 10.4477 0.429924 0.113851 0.456225 
9623 10.4529 0.427561 0.111927 0.460512 
9624 10.4449 0.42785 0.11455 0.457601 
9625 10.4443 0.430854 0.115949 0.453197 
9626 10.4509 0.432752 0.110502 0.456747 
9627 10.4464 0.429443 0.114532 0.456025 
9628 10.4498 0.427205 0.110862 0.461933 
9629 10.447 0.423325 0.114034 0.462641 
9630 10.4451 0.425389 0.110731 0.463881 
9631 10.449 0.420407 0.111557 0.468036 
9632 10.4538 0.41723 0.113318 0.469452 
9633 10.4611 0.416155 0.116354 0.467491 
9634 10.4426 0.418282 0.117688 0.46403 
9635 10.4552 0.414725 0.115492 0.469783 
9636 10.4541 0.415571 0.11712 0.467309 
9637 10.4506 0.413621 0.115171 0.471208 
9638 10.4489 0.409336 0.121197 0.469467 
9639 10.4431 0.407326 0.123206 0.469468 
9640 10.4357 0.407467 0.121857 0.470675 
9641 10.4432 0.408243 0.120095 0.471662 
9642 10.4531 0.425791 0.112683 0.461527 
9643 10.4572 0.419733 0.112397 0.46787 
9644 10.4526 0.41418 0.12145 0.464369 
9645 10.451 0.416282 0.120381 0.463338 
9646 10.45 0.418447 0.124944 0.456609 
9647 10.4597 0.418648 0.122248 0.459104 
9648 10.4538 0.411834 0.125778 0.462388 
9649 10.4651 0.408661 0.123828 0.467511 
9650 10.4631 0.408734 0.121832 0.469434 
9651 10.4614 0.417301 0.114727 0.467972 
9652 10.456 0.418532 0.117916 0.463552 
9653 10.4587 0.414556 0.121191 0.464253 
9654 10.4501 0.42221 0.118674 0.459116 
9655 10.4426 0.415727 0.12317 0.461103 
9656 10.4416 0.41557 0.123597 0.460833 
9657 10.4536 0.41157 0.121137 0.467293 
9658 10.4436 0.411681 0.127961 0.460358 
9659 10.4428 0.414214 0.12202 0.463765 
9660 10.4395 0.417815 0.123197 0.458989 
9661 10.4437 0.42058 0.119785 0.459634 
9662 10.4387 0.415662 0.128027 0.456311 
9663 10.4559 0.415041 0.120036 0.464923 
9664 10.4482 0.415446 0.118877 0.465677 
9665 10.4479 0.412897 0.123595 0.463507 
9666 10.4458 0.404888 0.125151 0.469961 
9667 10.4577 0.403697 0.128321 0.467982 
9668 10.46 0.40215 0.127425 0.470425 
9669 10.4616 0.40922 0.119846 0.470934 
9670 10.4669 0.408134 0.124744 0.467122 
9671 10.4651 0.410241 0.119774 0.469985 
9672 10.4619 0.406419 0.119229 0.474352 
9673 10.4594 0.413888 0.115947 0.470165 
9674 10.4588 0.407546 0.119324 0.47313 
9675 10.4609 0.412245 0.117421 0.470334 
9676 10.4384 0.418013 0.117782 0.464205 
9677 10.4443 0.421922 0.117774 0.460304 
9678 10.4518 0.415849 0.118686 0.465465 
9679 10.4501 0.416695 0.114496 0.468809 
9680 10.4642 0.414805 0.113812 0.471383 
9681 10.4572 0.406347 0.121104 0.47255 
9682 10.4614 0.411605 0.117041 0.471353 
9683 10.4573 0.412217 0.116038 0.471745 
9684 10.4609 0.415898 0.116193 0.467909 
9685 10.4664 0.410418 0.120965 0.468617 
9686 10.463 0.414647 0.121126 0.464227 
9687 10.4637 0.408423 0.12117 0.470407 
9688 10.4609 0.416889 0.119484 0.463627 
9689 10.4565 0.413444 0.122355 0.464201 
9690 10.4624 0.408106 0.123522 0.468371 
9691 10.4589 0.409897 0.123837 0.466266 
9692 10.4617 0.404357 0.126022 0.469621 
9693 10.4549 0.409431 0.12211 0.468459 
9694 10.4647 0.407145 0.126601 0.466253 
9695 10.4605 0.407311 0.128604 0.464085 
9696 10.4604 0.409203 0.128394 0.462402 
9697 10.4553 0.406643 0.126724 0.466633 
9698 10.4612 0.410335 0.124447 0.465218 
9699 10.4531 0.418986 0.125421 0.455594 
9700 10.4565 0.414007 0.127472 0.458521 
9701 10.4574 0.41808 0.126168 0.455751 
9702 10.4541 0.413062 0.128788 0.45815 
9703 10.4602 0.419733 0.121054 0.459213 
9704 10.4562 0.420097 0.12382 0.456083 
9705 10.456 0.411528 0.121882 0.46659 
9706 10.4479 0.410135 0.122949 0.466916 
9707 10.4482 0.412554 0.121652 0.465794 
9708 10.4606 0.410304 0.120989 0.468706 
9709 10.4644 0.414579 0.122787 0.462634 
9710 10.4542 0.411296 0.12414 0.464564 
9711 10.4506 0.412591 0.125557 0.461852 
9712 10.4507 0.411695 0.124554 0.463751 
9713 10.4415 0.418066 0.120251 0.461683 
9714 10.4553 0.417605 0.121152 0.461243 
9715 10.4559 0.414981 0.119819 0.4652 
9716 10.4476 0.416237 0.121155 0.462608 
9717 10.4549 0.415324 0.119106 0.46557 
9718 10.4511 0.411155 0.124917 0.463928 
9719 10.4566 0.40745 0.122126 0.470424 
9720 10.4594 0.412931 0.119893 0.467176 
9721 10.4661 0.402962 0.125964 0.471074 
9722 10.4575 0.407966 0.125623 0.46641 
9723 10.4625 0.413742 0.124464 0.461794 
9724 10.4635 0.412312 0.121906 0.465782 
9725 10.4632 0.414928 0.122455 0.462617 
9726 10.4509 0.408699 0.123674 0.467627 
9727 10.46 0.408554 0.124166 0.467279 
9728 10.4576 0.409963 0.12744 0.462597 
9729 10.4521 0.409454 0.128001 0.462545 
9730 10.4548 0.407794 0.126923 0.465282 
9731 10.457 0.409876 0.127878 0.462246 
9732 10.4604 0.412197 0.12739 0.460413 
9733 10.4626 0.407337 0.128571 0.464091 
9734 10.4578 0.409165 0.128775 0.46206 
9735 10.4628 0.416192 0.124456 0.459352 
9736 10.4568 0.415907 0.131428 0.452665 
9737 10.4616 0.408875 0.125232 0.465893 
9738 10.46 0.411561 0.124162 0.464277 
9739 10.4468 0.412653 0.123621 0.463726 
9740 10.455 0.417367 0.122158 0.460475 
9741 10.4618 0.416561 0.122919 0.46052 
9742 10.4549 0.420464 0.123132 0.456404 
9743 10.4545 0.42355 0.123952 0.452498 
9744 10.4622 0.414888 0.124794 0.460318 
9745 10.4527 0.415676 0.124711 0.459613 
9746 10.461 0.411579 0.126258 0.462163 
9747 10.4639 0.403425 0.125474 0.471101 
9748 10.4607 0.409013 0.126726 0.464262 
9749 10.4625 0.412156 0.128831 0.459013 
9750 10.4568 0.41396 0.129859 0.456181 
9751 10.4622 0.412528 0.126637 0.460836 
9752 10.4551 0.409783 0.127439 0.462779 
9753 10.4542 0.409759 0.125249 0.464993 
9754 10.4604 0.406608 0.122672 0.47072 
9755 10.4709 0.409396 0.122761 0.467843 
9756 10.47 0.415837 0.125312 0.458851 
9757 10.4681 0.415805 0.12305 0.461145 
9758 10.469 0.4179 0.120567 0.461533 
9759 10.4709 0.418727 0.119898 0.461375 
9760 10.4688 0.410267 0.124157 0.465576 
9761 10.4694 0.407481 0.122738 0.469782 
9762 10.4674 0.410947 0.122946 0.466107 
9763 10.4675 0.412417 0.121035 0.466548 
9764 10.4695 0.41165 0.125811 0.462539 
9765 10.4613 0.41003 0.123769 0.466201 
9766 10.4735 0.418331 0.116183 0.465486 
9767 10.4797 0.418903 0.115349 0.465748 
9768 10.4773 0.421642 0.116566 0.461791 
9769 10.473 0.418247 0.117586 0.464167 
9770 10.4731 0.415242 0.112663 0.472095 
9771 10.4763 0.420895 0.110895 0.46821 
9772 10.4698 0.419854 0.110434 0.469712 
9773 10.4801 0.416758 0.111112 0.47213 
9774 10.4736 0.411734 0.116166 0.4721 
9775 10.4657 0.4138 0.120157 0.466043 
9776 10.466 0.412958 0.124318 0.462724 
9777 10.4622 0.413385 0.12156 0.465055 
9778 10.4676 0.411096 0.11855 0.470353 
9779 10.4643 0.41185 0.118081 0.470068 
9780 10.4593 0.411524 0.116962 0.471515 
9781 10.463 0.414074 0.122998 0.462928 
9782 10.4662 0.411565 0.120248 0.468187 
9783 10.4702 0.41425 0.121141 0.464609 
9784 10.4647 0.420471 0.124574 0.454956 
9785 10.4652 0.412262 0.125169 0.46257 
9786 10.4603 0.414983 0.118514 0.466503 
9787 10.4569 0.411387 0.123269 0.465344 
9788 10.4552 0.415464 0.121192 0.463344 
9789 10.4552 0.409212 0.122404 0.468384 
9790 10.4505 0.407308 0.126534 0.466159 
9791 10.4604 0.411985 0.126266 0.461748 
9792 10.4628 0.41004 0.121756 0.468205 
9793 10.4578 0.414578 0.123341 0.462081 
9794 10.4599 0.419515 0.124525 0.45596 
9795 10.4656 0.413289 0.130406 0.456306 
9796 10.4622 0.410444 0.129787 0.459769 
9797 10.4596 0.414558 0.124036 0.461406 
9798 10.4593 0.415775 0.126768 0.457457 
9799 10.4559 0.414203 0.130474 0.455323 
9800 10.461 0.410016 0.133604 0.45638 
9801 10.4688 0.412749 0.128157 0.459094 
9802 10.4684 0.419862 0.126702 0.453436 
9803 10.4715 0.413427 0.127487 0.459086 
9804 10.4722 0.425188 0.118314 0.456497 
9805 10.4592 0.416196 0.122114 0.46169 
9806 10.4612 0.406926 0.124017 0.469056 
9807 10.4576 0.407742 0.121216 0.471042 
9808 10.4498 0.408801 0.119585 0.471614 
9809 10.4567 0.406491 0.124261 0.469249 
9810 10.4515 0.409047 0.120012 0.470941 
9811 10.4543 0.419397 0.12267 0.457933 
9812 10.4392 0.417207 0.127665 0.455128 
9813 10.4422 0.408964 0.122169 0.468867 
9814 10.4526 0.417259 0.121227 0.461515 
9815 10.4522 0.4168 0.11768 0.46552 
9816 10.4546 0.412171 0.124902 0.462928 
9817 10.4497 0.412969 0.124629 0.462402 
9818 10.464 0.411735 0.123891 0.464374 
9819 10.4572 0.40945 0.125624 0.464927 
9820 10.454 0.416218 0.119695 0.464087 
9821 10.4568 0.409064 0.125727 0.465209 
9822 10.4596 0.416896 0.121938 0.461166 
9823 10.4618 0.420484 0.121094 0.458422 
9824 10.4585 0.415488 0.118037 0.466475 
9825 10.4496 0.419555 0.118323 0.462122 
9826 10.4684 0.419948 0.119283 0.460768 
9827 10.4543 0.418983 0.129323 0.451695 
9828 10.4555 0.41583 0.12845 0.455719 
9829 10.4564 0.420771 0.129526 0.449703 
9830 10.4556 0.420104 0.124916 0.454981 
9831 10.4512 0.418438 0.124143 0.457418 
9832 10.4437 0.419079 0.121139 0.459782 
9833 10.4506 0.417004 0.120501 0.462496 
9834 10.45 0.414012 0.119194 0.466794 
9835 10.4599 0.411685 0.116483 0.471832 
9836 10.4594 0.412177 0.115373 0.47245 
9837 10.4564 0.417283 0.115983 0.466734 
9838 10.459 0.417042 0.122779 0.460179 
9839 10.456 0.417295 0.122447 0.460258 
9840 10.4617 0.416134 0.125569 0.458297 
9841 10.4414 0.42512 0.129906 0.444974 
9842 10.4428 0.417409 0.13754 0.445051 
9843 10.4495 0.422387 0.126768 0.450845 
9844 10.4591 0.418206 0.128563 0.453231 
9845 10.462 0.432236 0.118118 0.449646 
9846 10.463 0.428858 0.116938 0.454203 
9847 10.4671 0.425101 0.11383 0.461069 
9848 10.4614 0.423768 0.113929 0.462303 
9849 10.4586 0.427145 0.11423 0.458625 
9850 10.4578 0.423692 0.11473 0.461578 
9851 10.4537 0.423342 0.1166 0.460059 
9852 10.4597 0.425768 0.116526 0.457706 
9853 10.4588 0.419641 0.115443 0.464916 
9854 10.4551 0.425287 0.114835 0.459878 
9855 10.4606 0.420321 0.119126 0.460552 
9856 10.4572 0.418344 0.120364 0.461292 
9857 10.4662 0.426695 0.116538 0.456766 
9858 10.4714 0.430525 0.116019 0.453456 
9859 10.4607 0.42944 0.114018 0.456542 
9860 10.4626 0.429558 0.114678 0.455765 
9861 10.4581 0.428648 0.117004 0.454348 
9862 10.4527 0.425745 0.122963 0.451292 
9863 10.4566 0.423473 0.124641 0.451886 
9864 10.4567 0.427176 0.124575 0.448249 
9865 10.4574 0.430543 0.120563 0.448894 
9866 10.4522 0.424987 0.123495 0.451518 
9867 10.4504 0.416661 0.124172 0.459167 
9868 10.4548 0.419487 0.124211 0.456302 
9869 10.4577 0.425939 0.115112 0.458949 
9870 10.46 0.42291 0.112592 0.464499 
9871 10.4593 0.429629 0.111145 0.459226 
9872 10.4549 0.427496 0.111333 0.461171 
9873 10.4512 0.423931 0.108422 0.467646 
9874 10.4614 0.427419 0.113199 0.459383 
9875 10.4617 0.43014 0.109458 0.460401 
9876 10.4509 0.428514 0.10835 0.463136 
9877 10.4465 0.434315 0.107274 0.458412 
9878 10.4491 0.42524 0.1143 0.46046 
9879 10.4453 0.427278 0.113609 0.459113 
9880 10.4445 0.426173 0.120569 0.453257 
9881 10.4513 0.425744 0.113177 0.46108 
9882 10.4576 0.424599 0.111496 0.463906 
9883 10.4607 0.420112 0.116985 0.462902 
9884 10.4626 0.415259 0.121093 0.463648 
9885 10.4673 0.421547 0.112321 0.466132 
9886 10.4536 0.422033 0.115243 0.462723 
9887 10.458 0.421013 0.115516 0.46347 
9888 10.4686 0.425428 0.117018 0.457554 
9889 10.4605 0.421592 0.127434 0.450974 
9890 10.463 0.422576 0.1208 0.456624 
9891 10.4592 0.421483 0.123664 0.454853 
9892 10.462 0.410753 0.125317 0.463931 
9893 10.4577 0.419388 0.121423 0.459189 
9894 10.455 0.42346 0.120213 0.456327 
9895 10.4557 0.421807 0.121521 0.456672 
9896 10.4663 0.423962 0.116859 0.459179 
9897 10.4704 0.415478 0.117032 0.46749 
9898 10.4656 0.417037 0.121592 0.461371 
9899 10.4613 0.431377 0.118705 0.449918 
9900 10.455 0.420398 0.115792 0.463809 
9901 10.4489 0.428426 0.123733 0.447841 
9902 10.4536 0.427632 0.116264 0.456104 
9903 10.4605 0.417242 0.121638 0.461119 
9904 10.4559 0.415242 0.125341 0.459417 
9905 10.4603 0.411382 0.125194 0.463423 
9906 10.4676 0.417272 0.121336 0.461391 
9907 10.4641 0.419764 0.119219 0.461017 
9908 10.4574 0.414946 0.121068 0.463986 
9909 10.4595 0.415085 0.119995 0.464921 
9910 10.4647 0.426022 0.115833 0.458145 
9911 10.4666 0.422786 0.114439 0.462775 
9912 10.462 0.418902 0.122602 0.458496 
9913 10.4651 0.41822 0.124579 0.457201 
9914 10.458 0.427079 0.122444 0.450477 
9915 10.4566 0.42405 0.122906 0.453045 
9916 10.4491 0.432236 0.119855 0.447909 
9917 10.4552 0.429512 0.122161 0.448328 
9918 10.4536 0.427581 0.124374 0.448045 
9919 10.4525 0.42577 0.123171 0.451059 
9920 10.4524 0.4197 0.124735 0.455566 
9921 10.4552 0.421662 0.1247 0.453638 
9922 10.4556 0.424064 0.124639 0.451297 
9923 10.4592 0.421208 0.124927 0.453865 
9924 10.4589 0.423929 0.124258 0.451812 
9925 10.4594 0.422965 0.12075 0.456285 
9926 10.4649 0.429636 0.116894 0.453469 
9927 10.4674 0.427715 0.118395 0.453891 
9928 10.46 0.421092 0.11658 0.462328 
9929 10.4634 0.426762 0.113848 0.45939 
9930 10.4569 0.428325 0.117698 0.453977 
9931 10.4532 0.424303 0.122306 0.453391 
9932 10.4595 0.423122 0.118283 0.458595 
9933 10.4654 0.422717 0.115025 0.462258 
9934 10.4701 0.421718 0.115512 0.462769 
9935 10.4708 0.417594 0.12434 0.458067 
9936 10.4715 0.415465 0.122296 0.462239 
9937 10.471 0.419764 0.117024 0.463213 
9938 10.4684 0.414977 0.119919 0.465104 
9939 10.4609 0.418228 0.121957 0.459815 
9940 10.4617 0.420725 0.118038 0.461237 
9941 10.4641 0.423431 0.115865 0.460704 
9942 10.4582 0.422034 0.117009 0.460956 
9943 10.4532 0.423444 0.117567 0.458989 
9944 10.4472 0.423505 0.117243 0.459252 
9945 10.4583 0.423088 0.118136 0.458776 
9946 10.4628 0.423564 0.124465 0.451971 
9947 10.4615 0.420867 0.122588 0.456544 
9948 10.4609 0.418171 0.127376 0.454453 
9949 10.4609 0.417603 0.121819 0.460577 
9950 10.4633 0.414151 0.118993 0.466856 
9951 10.4617 0.417167 0.11796 0.464873 
9952 10.4575 0.421403 0.117062 0.461535 
9953 10.4641 0.425111 0.114375 0.460514 
9954 10.467 0.416499 0.118739 0.464762 
9955 10.4742 0.411811 0.117188 0.471 
9956 10.4701 0.417443 0.118243 0.464314 
9957 10.4731 0.409947 0.117865 0.472188 
9958 10.4739 0.408755 0.122685 0.46856 
9959 10.4666 0.414019 0.119583 0.466398 
9960 10.4635 0.415719 0.119254 0.465027 
9961 10.4577 0.415095 0.12581 0.459095 
9962 10.4553 0.422256 0.127373 0.450372 
9963 10.4578 0.411923 0.124212 0.463866 
9964 10.4589 0.418038 0.123161 0.458801 
9965 10.4564 0.416468 0.126277 0.457255 
9966 10.4646 0.41492 0.126312 0.458767 
9967 10.468 0.421022 0.126852 0.452126 
9968 10.4648 0.423526 0.125129 0.451345 
9969 10.4606 0.416848 0.1289 0.454252 
9970 10.4636 0.423927 0.121887 0.454186 
9971 10.4606 0.413888 0.12931 0.456801 
9972 10.461 0.41705 0.126064 0.456886 
9973 10.4622 0.421492 0.129647 0.448861 
9974 10.4518 0.426524 0.125278 0.448198 
9975 10.4482 0.424433 0.125695 0.449873 
9976 10.4587 0.423104 0.120586 0.456311 
9977 10.4626 0.428285 0.122636 0.449079 
9978 10.4623 0.431289 0.121952 0.446758 
9979 10.4668 0.428261 0.125884 0.445854 
9980 10.4686 0.42772 0.120399 0.451882 
9981 10.4718 0.426514 0.121387 0.452099 
9982 10.4719 0.437096 0.121511 0.441393 
9983 10.4725 0.436679 0.119697 0.443624 
9984 10.4633 0.435485 0.116903 0.447612 
9985 10.4571 0.429502 0.118952 0.451546 
9986 10.4636 0.429602 0.117854 0.452543 
9987 10.4603 0.428915 0.119726 0.45136 
9988 10.4574 0.430204 0.121064 0.448732 
9989 10.4576 0.426226 0.123207 0.450567 
9990 10.4581 0.438653 0.120568 0.440779 
9991 10.4544 0.437079 0.122697 0.440224 
9992 10.4618 0.430174 0.124202 0.445623 
9993 10.4565 0.429881 0.123644 0.446476 
9994 10.4524 0.432389 0.122465 0.445146 
9995 10.463 0.428862 0.125816 0.445322 
9996 10.4577 0.431036 0.129605 0.439359 
9997 10.4547 0.432408 0.133042 0.43455 
9998 10.4556 0.429591 0.127496 0.442912 
9999 10.456 0.432677 0.122817 0.444506 
